
strategic_region={
	id=10
	name="STRATEGICREGION_10"
	provinces={
		23 129 185 229 247 250 302 398 409 511 536 587 614 658 663 678 701 730 771 833 886 891 961 1031 1145 1209 1282 1288 1402 1429 1438 1439 1563 1722 1739 1854 2016 2047 2145 2183 2246 2247 2379 2521 2623 2645 2705 2706 2726 2732 2763 2787 2816 2833 2908 2962 3030 3040 3157 3191 3231 3328 3409 3457 3545 3552 3599 3801 3940 3994 4015 4178 4331 4333 4445 4532 4759 4828 4924 5658 5659 5668 5670 5677 5683 5697 5698 5706 5726 5748 5771 5780 5788 5790 5799 5816 5823 5825 5828 5837 5845 5851 5854 8635 8650 
	}
	weather={
	}
}
