
strategic_region={
	id=11
	name="STRATEGICREGION_11"
	provinces={
		15 81 180 246 267 305 307 368 394 426 458 596 633 697 775 787 823 862 902 910 997 1028 1030 1113 1195 1199 1285 1349 1357 1399 1425 1437 1545 1580 1678 1694 1870 1876 1882 1896 1926 1932 1988 2014 2061 2072 2100 2142 2261 2286 2293 2294 2331 2343 2536 2540 2560 2602 2737 2746 2747 2823 2846 2889 3013 3025 3028 3037 3100 3133 3140 3174 3279 3288 3291 3343 3385 3405 3495 3540 3629 3642 3670 3779 3792 3823 3939 4310 4314 4467 4681 4772 4832 4858 4905 4959 4973 4983 4992 5051 5067 5882 5883 5911 5926 5943 5951 5972 5977 5983 5985 5987 5989 5991 5992 6001 6005 6008 6010 6020 6025 6030 6038 6039 6047 6050 6057 6062 6067 6082 6085 8681 
	}
	weather={
	}
}
