
strategic_region={
	id=12
	name="STRATEGICREGION_12"
	provinces={
		71 72 107 150 198 212 225 259 322 423 478 499 507 543 573 583 592 694 800 815 841 853 876 881 889 900 901 963 1051 1178 1189 1197 1208 1270 1290 1294 1380 1406 1449 1536 1569 1590 1597 1628 1679 1725 1737 1795 1797 1838 1866 2090 2239 2257 2290 2411 2482 2484 2579 2721 2731 2792 2843 2885 2974 3076 3112 3116 3135 3228 3439 3440 3448 3463 3499 3531 3535 3551 3623 3672 3698 3703 3767 3832 3937 3941 4037 4123 4160 4181 4264 4367 4393 4552 4573 4738 4814 4938 4939 4950 4985 5007 6099 6106 6109 6113 6135 6143 6165 6180 6183 6192 6193 6207 6208 6218 6229 6249 6252 6255 6275 6288 6290 6303 6313 
	}
	weather={
	}
}
