
strategic_region={
	id=13
	name="STRATEGICREGION_13"
	provinces={
		65 98 205 471 506 659 759 774 861 1116 1204 1358 1364 1599 1641 1717 1843 1877 1971 1978 2132 2166 2270 2421 2434 2476 2557 2636 2656 2728 2827 2866 2875 3002 3044 3068 3071 3138 3369 3446 3488 3575 3587 3679 3689 3697 3743 4169 4173 4278 4306 4516 4523 4550 4633 4641 4753 4837 4919 4926 4932 5033 5036 5476 5487 5489 5490 5506 5507 5530 5531 5535 5541 5546 5548 5551 5553 5567 5590 5594 5596 5597 5607 5613 5615 8577 8597 8598 
	}
	weather={
	}
}
