
strategic_region={
	id=16
	name="STRATEGICREGION_16"
	provinces={
		41 50 100 202 219 237 290 295 385 528 532 570 605 624 760 807 911 1172 1181 1225 1444 1458 1467 1492 1768 1871 1997 2003 2074 2103 2116 2156 2408 2435 2440 2494 2563 2712 2870 2913 2918 2981 3108 3205 3240 3433 3526 3707 3795 4019 4069 4148 4263 4268 4353 4399 4465 4481 4529 4593 4618 4792 4925 5079 5949 5961 5973 5974 5975 6000 6004 6006 6013 6023 6033 6042 6051 6053 6063 6070 6078 6083 6086 6091 6093 6101 8675 8676 8679 8682 8685 8687 8690 8691 
	}
	weather={
	}
}
