
strategic_region={
	id=17
	name="STRATEGICREGION_17"
	provinces={
		191 430 448 451 721 735 744 805 964 1131 1133 1263 1476 1478 1489 1586 1605 1729 1827 1849 1957 2007 2060 2147 2217 2228 2336 2345 2360 2448 2514 2523 2571 2640 2777 2838 2944 3022 3055 3081 3313 3379 3458 3566 3594 3741 3810 3846 3855 3863 3895 3966 3976 3979 4097 4479 4485 4653 4676 4875 4882 4889 5018 5042 6114 6122 6130 6132 6150 6170 6176 6206 6216 6222 6223 6240 6242 6246 6248 8705 8706 8709 8713 8716 8717 8726 8735 8737 8739 8740 
	}
	weather={
	}
}
