
strategic_region={
	id=18
	name="STRATEGICREGION_18"
	provinces={
		14 39 62 78 89 132 151 183 303 324 342 343 352 372 407 411 421 432 461 566 575 585 588 610 620 652 657 668 686 719 750 756 767 821 831 832 857 867 921 970 990 1035 1049 1081 1082 1106 1144 1159 1174 1190 1194 1232 1233 1250 1255 1293 1302 1356 1372 1471 1519 1546 1554 1583 1642 1730 1767 1783 1785 1863 1867 1873 1968 1977 1983 2015 2025 2068 2076 2081 2113 2131 2136 2213 2222 2223 2240 2249 2295 2316 2324 2350 2359 2368 2409 2415 2431 2433 2468 2509 2556 2589 2608 2626 2662 2666 2669 2676 2690 2708 2717 2723 2774 2780 2793 2901 2907 2910 2964 2986 2992 2997 3014 3032 3065 3086 3090 3102 3147 3154 3167 3168 3175 3195 3244 3245 3264 3306 3318 3344 3348 3352 3376 3400 3407 3431 3456 3478 3482 3525 3561 3597 3643 3655 3659 3662 3680 3700 3725 3742 3763 3765 3785 3817 3821 3826 3854 3955 3971 3977 3981 4022 4047 4084 4095 4133 4190 4247 4257 4274 4281 4299 4336 4342 4354 4356 4376 4425 4438 4454 4478 4510 4557 4561 4584 4631 4644 4704 4717 4722 4730 4750 4762 4771 4861 4870 4891 4911 4945 4969 4993 4997 5011 6171 6230 6264 6268 6278 6280 6283 6285 6291 6300 6302 6304 6305 6308 6311 6316 6320 6323 6326 6329 6332 6334 6342 6344 6347 6352 6356 6357 6361 6362 6364 6366 6368 6377 6379 6382 6383 6386 6391 6392 6393 6397 6398 6401 6403 6404 6405 6410 6412 6415 6416 6418 6432 6434 6439 6765 6766 6768 6769 6770 6774 6775 6786 8745 8747 8748 8749 8750 8751 8752 8753 8754 8756 8757 8763 8765 8769 8770 8772 8774 8778 8787 8797 8800 
	}
	weather={
	}
}
