
strategic_region={
	id=19
	name="STRATEGICREGION_19"
	provinces={
		20 204 286 382 469 480 505 712 781 843 920 982 1100 1140 1154 1184 1206 1252 1369 1442 1520 1585 1660 1675 1809 1900 1930 1982 2032 2042 2146 2191 2232 2274 2329 2377 2418 2548 2576 2611 2655 2710 2733 2799 2808 2841 2842 2935 3009 3192 3197 3287 3492 3504 3607 3733 3869 3890 3958 3983 4026 4038 4050 4098 4176 4227 4273 4312 4360 4410 4469 4625 4693 4770 4793 4831 4988 5023 5086 5493 5516 5517 5519 5520 5521 5532 5547 5554 5556 5605 5628 5634 5639 5651 5655 5660 5676 5682 5738 5742 8556 8560 8568 8571 8572 8578 8583 8591 8596 8599 8601 8603 8607 8609 
	}
	weather={
	}
}
