
strategic_region={
	id=21
	name="STRATEGICREGION_21"
	provinces={
		6 30 90 154 178 193 238 257 299 395 473 602 695 766 930 972 1253 1355 1428 1521 1537 1552 1574 1621 1653 1987 2127 2207 2230 2304 2325 2353 2369 2405 2443 2453 2500 2605 2882 3053 3139 3281 3541 3740 3756 3772 3783 4023 4115 4352 4368 4498 4578 4708 4743 4847 4906 5012 5922 5937 5955 5966 5984 6002 6009 6015 6026 6034 6035 6049 6060 6068 6073 6074 6084 6097 6102 6118 6123 6134 6155 6743 8674 8677 8689 8694 8702 
	}
	weather={
	}
}
