strategic_region={
	id=22
	name="STRATEGICREGION_22"
	provinces={
		13 19 27 36 46 53 57 68 71 86 96 102 108 113 115 124 158 172 198 202 212 222 234 236 285 286 287 297 332 334 343 361 365 389 394 404 411 441 456 462 475 477 486 505 542 544 547 567 576 590 619 621 628 631 645 652 663 673 678 681 692 698 704 717 720 723 728 731 739 740 752 774 787 791 793 799 800 807 817 833 837 840 844 859 866 877 881 891 906 910 913 929 941 944 950 982 986 1011 1013 1022 1043 1052 1053 1060 1127 1130 1133 1137 1141 1146 1150 1154 1173 1188 1189 1194 1226 1240 1250 1253 1255 1256 1263 1265 1288 1295 1301 1302 1305 1319 1328 1332 1336 1340 1341 1363 1369 1386 1390 1394 1397 1412 1429 1431 1437 1448 1449 1452 1457 1459 1473 1480 1486 1493 1497 1498 1505 1506 1514 1530 1544 1562 1567 1573 1577 1583 1586 1592 1593 1610 1627 1645 1683 1686 1689 1690 1703 1712 1719 1728 1735 1746 1751 1756 1759 1761 1764 1769 1778 1779 1783 1792 1803 1806 1812 1816 1818 1840 1846 1849 1857 1876 1889 1892 1905 1909 1934 1937 1939 1940 1949 1964 1965 1966 1973 1983 2003 2007 2008 2022 2023 2034 2039 2045 2071 2104 2127 2128 2129 2130 2134 2137 2139 2173 2174 2177 2193 2198 2200 2203 2225 2245 2272 2318 2325 2341 2350 2360 2361 2364 2371 2373 2382 2403 2409 2412 2418 2435 2438 2451 2455 2471 2480 2481 2483 2494 2502 2504 2510 2525 2528 2549 2558 2560 2561 2569 2584 2595 2605 2610 2611 2627 2630 2636 2665 2682 2716 2725 2731 2753 2756 2763 2769 2788 2789 2795 2802 2804 2820 2827 2828 2833 2837 2840 2843 2852 2857 2873 2877 2878 2879 2883 2887 2889 2914 2924 2941 2955 2959 2963 2964 2966 2983 2992 3003 3014 3028 3038 3042 3052 3055 3057 3071 3078 3083 3087 3104 3125 3127 3137 3152 3159 3164 3169 3183 3198 3210 3213 3214 3227 3235 3243 3251 3257 3277 3284 3289 3292 3296 3329 3335 3360 3361 3365 3366 3373 3374 3388 3396 3408 3417 3423 3440 3462 3486 3487 3515 3522 3523 3524 3549 3553 3560 3562 3576 3580 3590 3604 3617 3645 3663 3668 3670 3679 3698 3705 3710 3711 3713 3734 3735 3744 3752 3757 3761 3765 3787 3794 3809 3821 3838 3840 3874 3888 3890 3928 3942 3957 3968 3974 3985 3986 4009 4017 4044 4068 4071 4072 4080 4081 4099 4100 4112 4113 4133 4164 4165 4166 4189 4190 4192 4206 4208 4210 4227 4241 4268 4283 4305 4350 4352 4357 4368 4370 4378 4383 4387 4434 4437 4439 4440 4451 4453 4455 4468 4473 4508 4514 4521 4522 4538 4546 4553 4557 4560 4561 4563 4596 4623 4624 4625 4626 4631 4633 4642 4645 4657 4668 4673 4706 4707 4716 4726 4730 4743 4744 4747 4765 4769 4772 4778 4784 4823 4836 4844 4852 4856 4857 4858 4859 4874 4875 4893 4899 4900 4901 4906 4910 4924 4943 4954 4982 4989 4995 5003 5015 5019 5028 5031 5068 5070 5075 5099 5101 5117 5129 5158 5166 5173 5185 5188 5192 5205 5227 5254 5255 5265 5287 5302 5314 5332 5344 5347 5368 5397 5426 5440 5452 5458 5465 5470 5478 5487 5503 5508 5521 5529 5537 5559 5571 5581 5588 5591 5593 5597 5602 5608 5621 5652 5656 5659 5662 5672 5695 5696 5704 5710 5711 5712 5713 5727 5731 5740 5748 5749 5755 5770 5778 5787 5788 5790 5793 5799 5808 5810 5857 5868 5883 5902 5923 5929 5967 5970 5987 5988 6010 6017 6020 6050 6053 6060 6070 6071 6080 6082 6093 6125 6126 6127 6134 6147 6160 6164 6178 6179 6180 6190 6194 6204 6211 6215 6223 6241 6256 6265 6274 6281 6283 6298 6308 6317 6321 6322 6340 6366 6367 6373 6386 6391 6408 6415 6417 6421 6426 6433 6434 6454 6522 6530 6531 6539 6544 6557 6563 6580 6586 6589 6594 6602 6609 6623 6635 6645 6672 6699 6702 6704 6708 6710 6715 6726 6743 6769 6772 6782 6812 6827 6839 9255 9268 9271 9273 9295 9306 9322 9333 9337 9340 9349 9354 9368 9382 9386 9387 9416 9425 9440 9467 9472 9473 9475 9512 9517 9537 9548 9555 9558 9561 9574 9580 9584 9595 9597 9602 9604 9607 9612 9655 9666 9675 9680 9689 9695 9703 9718 9731 9735 9742 9749 9755 9757 9760 9765 9769 9776 9785 9790 9793 9794 9806 9813 9814 9815 9816 9825 9831 9837 9841 9844 9846 9848 9850 9854 9857 9862 9863 9867 9869 9873 9875 9879 9880 9888 9890 9893 9895 9896 9899 9905 9909 9910 9911 9913 9916 9917 9920 9923 9924 9925 9928 9932 9937 9947 9953 9955 9956 9957 9960 9962 9965 9967 9969 9970 9971 9975 9976 9977 9979 9980 9983 9985 9987 9990 9991 9992 9995 9996 9998 9999 10002 10003 10004 10005 10006 10008 10009 10010 10011 10014 10015 10016 10017 10019 10020 10021 10022 10023 10024 10025 10026 10027 10028 10029 10030 10031 10032 10033 10034 10035 10036 10037 10038 10039 10040 10041 10042 10043 10044 10045 10046 10047 10048 10049 10050 10051 10052 10053 10054 10055 10056 10057 10058 10059 10060 10061 10062 10063 10064 10065 10066 10067 10068 10069 10070 10071 10072 10073 10074 10075 10076 10077 10078 10081 10086 10087 10089 10090 10091 10092 10093 10094 10096 10098 10099 10100 10101 10103 10104 10107 10108 10111 10112 10113 10115 10118 10120 10122 10123 10124 10125 10126 10127 10130 10132 10135 10137 10139 10140 10141 10142 10145 10153 10155 10156 10157 10158 10161 10166 10167 10169 10170 10172 10174 10175 10176 10177 10178 10180 10182 10183 10184 10186 10187 10188 10189 10191 10192 10193 10194 10195 10196 10197 10199 10200 10201 10202 10203 10204 10205 10206 10207 10209 10210 10211 10212 10213 10214 10215 10216 10217 10218 10219 10221 10222 10223 10224 10225 10226 10227 10229 10400 10401 10402 10405 10410 10426 10433 10434 10435 10437 10445 10449 10453 10457 10463 10473 10475 10476 13066 13069 13076 13080 13081 13083 13085 13086 13087 13088 13089 13093 
	}
	weather={
		period={
			between={ 0.0 30.0 }
			temperature={ 14.0 18.0 }
			temperature_day_night={ 15.0 -15.0 }
			no_phenomenon=0.900
			rain_light=0.050
			rain_heavy=0.050
			snow=0.000
			blizzard=0.000
			arctic_water=0.000
			mud=1.000
			sandstorm=0.000
			min_snow_level=0.000
		}
		period={
			between={ 0.1 27.1 }
			temperature={ 15.0 19.0 }
			temperature_day_night={ 14.0 -14.0 }
			no_phenomenon=0.900
			rain_light=0.050
			rain_heavy=0.050
			snow=0.000
			blizzard=0.000
			arctic_water=0.000
			mud=1.000
			sandstorm=0.000
			min_snow_level=0.000
		}
		period={
			between={ 0.2 30.2 }
			temperature={ 19.0 21.0 }
			temperature_day_night={ 13.0 -13.0 }
			no_phenomenon=0.800
			rain_light=0.100
			rain_heavy=0.100
			snow=0.000
			blizzard=0.000
			arctic_water=0.000
			mud=1.000
			sandstorm=0.000
			min_snow_level=0.000
		}
		period={
			between={ 0.3 29.3 }
			temperature={ 20.0 23.0 }
			temperature_day_night={ 12.0 -12.0 }
			no_phenomenon=0.700
			rain_light=0.400
			rain_heavy=0.300
			snow=0.000
			blizzard=0.000
			arctic_water=0.000
			mud=1.000
			sandstorm=0.000
			min_snow_level=0.000
		}
		period={
			between={ 0.4 30.4 }
			temperature={ 20.0 23.0 }
			temperature_day_night={ 10.0 -10.0 }
			no_phenomenon=0.500
			rain_light=0.200
			rain_heavy=0.300
			snow=0.000
			blizzard=0.000
			arctic_water=0.000
			mud=1.000
			sandstorm=0.000
			min_snow_level=0.000
		}
		period={
			between={ 0.5 29.5 }
			temperature={ 20.0 23.0 }
			temperature_day_night={ 10.0 -10.0 }
			no_phenomenon=0.400
			rain_light=0.300
			rain_heavy=0.300
			snow=0.000
			blizzard=0.000
			arctic_water=0.000
			mud=1.000
			sandstorm=0.000
			min_snow_level=0.000
		}
		period={
			between={ 0.6 30.6 }
			temperature={ 17.0 20.0 }
			temperature_day_night={ 10.0 -10.0 }
			no_phenomenon=0.300
			rain_light=0.400
			rain_heavy=0.300
			snow=0.000
			blizzard=0.000
			arctic_water=0.000
			mud=1.000
			sandstorm=0.000
			min_snow_level=0.000
		}
		period={
			between={ 0.7 30.7 }
			temperature={ 17.0 20.0 }
			temperature_day_night={ 10.0 -10.0 }
			no_phenomenon=0.300
			rain_light=0.400
			rain_heavy=0.300
			snow=0.000
			blizzard=0.000
			arctic_water=0.000
			mud=1.000
			sandstorm=0.000
			min_snow_level=0.000
		}
		period={
			between={ 0.8 29.8 }
			temperature={ 17.0 20.0 }
			temperature_day_night={ 10.0 -10.0 }
			no_phenomenon=0.400
			rain_light=0.200
			rain_heavy=0.200
			snow=0.000
			blizzard=0.000
			arctic_water=0.000
			mud=1.000
			sandstorm=0.000
			min_snow_level=0.000
		}
		period={
			between={ 0.9 30.9 }
			temperature={ 14.0 18.0 }
			temperature_day_night={ 12.0 -12.0 }
			no_phenomenon=0.600
			rain_light=0.200
			rain_heavy=0.200
			snow=0.000
			blizzard=0.000
			arctic_water=0.000
			mud=1.000
			sandstorm=0.000
			min_snow_level=0.000
		}
		period={
			between={ 0.10 29.10 }
			temperature={ 12.0 18.0 }
			temperature_day_night={ 12.0 -12.0 }
			no_phenomenon=0.800
			rain_light=0.100
			rain_heavy=0.100
			snow=0.000
			blizzard=0.000
			arctic_water=0.000
			mud=1.000
			sandstorm=0.000
			min_snow_level=0.000
		}
		period={
			between={ 0.11 30.11 }
			temperature={ 12.0 17.0 }
			temperature_day_night={ 14.0 -14.0 }
			no_phenomenon=0.900
			rain_light=0.050
			rain_heavy=0.050
			snow=0.000
			blizzard=0.000
			arctic_water=0.000
			mud=1.000
			sandstorm=0.000
			min_snow_level=0.000
		}
		period={
			between={ 4.11 21.11 }
			temperature={ -10.0 35.0 }
			temperature_day_night={ 2.0 -2.0 }
			no_phenomenon=1.500
			rain_light=0.250
			rain_heavy=0.100
			snow=0.000
			blizzard=0.000
			arctic_water=0.000
			mud=0.000
			sandstorm=0.000
			min_snow_level=0.000
		}
	}
}
