
strategic_region={
	id=26
	name="STRATEGICREGION_26"
	provinces={
		192 211 239 287 308 752 818 999 1017 1022 1091 1235 1257 1378 1379 1401 1405 1534 1718 1801 1802 1856 2010 2067 2190 2399 2507 2527 2553 2573 2671 2678 2709 2754 2812 2989 3020 3093 3170 3290 3302 3331 3333 3397 3524 3556 3695 3757 3758 3866 3909 3922 4002 4036 4062 4119 4231 4432 4450 4513 4521 4531 4533 4591 4797 4851 4898 4930 6348 6353 6354 6360 6365 6370 6372 6378 6381 6390 6396 6399 6406 6417 6423 6424 6427 6429 6440 6442 6444 6448 6449 6452 6453 6457 6462 6754 6755 6789 6792 6794 6795 8771 8773 8777 8788 8790 8791 8792 8793 8795 8798 8799 
	}
	weather={
	}
}
