
strategic_region={
	id=27
	name="STRATEGICREGION_27"
	provinces={
		95 148 475 565 632 646 662 739 785 788 852 877 917 926 976 988 1211 1261 1661 1670 1776 1839 1915 1980 1990 1996 2046 2088 2181 2208 2374 2458 2508 2667 2694 2711 2718 2742 2758 2856 2929 2936 2959 3380 3481 3507 3865 3928 3930 3949 3962 4171 4182 4251 4324 4370 4382 4392 4489 4490 4536 4915 4928 5014 5066 5082 6188 6203 6204 6212 6226 6234 6247 6250 6258 6271 6276 6287 6297 6301 6315 6319 6324 6337 6340 6341 6349 8728 
	}
	weather={
	}
}
