
strategic_region={
	id=29
	name="STRATEGICREGION_29"
	provinces={
		17 111 453 482 711 798 844 1012 1084 1155 1188 1542 1709 1736 1754 1832 1836 1906 1913 1949 2056 2153 2165 2194 2414 2465 2538 2599 2629 2646 2757 3073 3194 3444 3477 3494 3604 3621 3683 3813 3927 3953 4043 4063 4113 4177 4277 4293 4316 4571 4666 4729 4788 4791 4802 4819 4833 4957 5046 5065 6044 6075 6079 6081 6087 6095 6110 6111 6115 6117 6119 6120 6121 6128 6133 6138 6144 6145 6149 6161 6167 6168 6169 6172 6177 6184 6190 8696 8698 8700 8708 8714 8718 8719 
	}
	weather={
	}
}
