
strategic_region={
	id=3
	name="STRATEGICREGION_3"
	provinces={
		10 16 245 279 301 321 347 380 384 396 460 503 541 548 698 727 761 783 812 859 863 936 1165 1228 1350 1502 1539 1571 1632 1710 1740 1824 1850 2149 2176 2229 2254 2264 2357 2363 2485 2501 2510 2552 2685 2686 2759 2789 2806 2897 2947 3011 3105 3113 3115 3252 3266 3432 3506 3717 3822 4018 4120 4192 4216 4220 4487 4574 4614 4642 4691 4706 4715 4877 4890 4968 5025 5503 5528 5542 5543 5557 5563 5569 5573 5574 5582 5585 5586 5600 5602 5603 5608 5619 5621 5623 5627 5629 5632 5635 5650 5653 5667 5680 5696 8593 8606 8622 8625 8626 8629 8630 8631 8636 
	}
	weather={
	}
}
