
strategic_region={
	id=35
	name="STRATEGICREGION_35"
	provinces={
		18 112 236 509 520 696 713 980 1045 1096 1157 1319 1343 1374 1495 1547 1790 1811 2058 2091 2140 2143 2148 2203 2265 2334 2403 2422 2436 2543 2714 2744 2753 2760 2828 3149 3230 3249 3262 3285 3309 3327 3491 3571 3605 3606 3663 3718 3773 3780 3861 4151 4180 4234 4291 4374 4383 4391 4504 4530 4558 4636 4650 4735 4737 4761 4775 4782 4824 5091 5753 5761 5786 5789 5796 5807 5809 5822 5824 5832 5836 5840 5843 5858 5860 5863 5868 5881 5890 6259 6260 8659 8663 8741 
	}
	weather={
	}
}
