
strategic_region={
	id=37
	name="STRATEGICREGION_37"
	provinces={
		96 561 629 630 777 804 809 933 1019 1050 1286 1330 1430 1577 1582 1701 1741 1905 1986 2053 2086 2201 2204 2272 2524 2567 2598 2633 2761 2770 2776 2778 2796 2896 2902 2906 3021 3031 3177 3178 3292 3362 3388 3436 3515 3519 3574 3580 3613 3618 3666 3705 3797 3858 3885 3914 3998 4011 4072 4129 4131 4209 4253 4341 4387 4434 4477 4553 4556 4559 4596 4603 4649 4659 4736 4838 4888 4893 4909 4934 5045 5087 5645 5652 5657 5675 5678 5694 5702 5705 5713 5715 5716 5725 5729 5730 5733 5737 5746 5749 5751 5757 5762 5763 5770 5774 5787 5797 5801 5808 5810 6723 6726 6729 6732 6736 8615 8617 8623 8628 8633 8638 
	}
	weather={
	}
}
