
strategic_region={
	id=39
	name="STRATEGICREGION_39"
	provinces={
		122 261 336 489 559 922 924 995 998 1085 1221 1231 1274 1315 1320 1397 1513 1525 1527 1696 1716 1796 1840 1919 2119 2120 2128 2260 2301 2355 2460 2785 2817 2852 2881 2916 2978 3039 3049 3160 3209 3396 3460 3498 3503 3724 3802 4073 4107 4124 4270 4339 4351 4497 4664 4768 4822 4848 5006 5017 5062 5795 5803 5804 5812 5817 5820 5831 5846 5848 5875 5879 5892 5896 5909 5952 5962 5967 5978 5986 6011 6019 6041 6046 6048 6090 8686 
	}
	weather={
	}
}
