
strategic_region={
	id=43
	name="STRATEGICREGION_43"
	provinces={
		9 213 285 298 317 320 354 406 703 879 925 1127 1129 1218 1310 1313 1451 1452 1604 1764 1793 2490 2561 2609 2687 2689 2919 2953 3171 3189 3323 3416 3577 3579 3648 3650 3729 3875 3884 3904 3954 4077 4083 4106 4130 4210 4222 4265 4282 4295 4394 4484 4520 4679 4686 4804 4923 4966 5052 5092 5589 5616 5622 5646 5648 5649 5663 5664 5669 5684 5686 5692 5693 5695 5701 5704 5709 5712 5722 5723 5724 5731 5734 5736 5743 5745 5747 5750 5754 5760 5767 8634 8634 8637 8643 8644 8646 8863 8865 8866 8867 8868 
	}
	weather={
	}
}
