
strategic_region={
	id=5
	name="STRATEGICREGION_5"
	provinces={
		36 51 64 125 170 181 201 364 399 427 467 709 847 885 918 1025 1109 1111 1134 1273 1281 1292 1314 1377 1387 1573 1584 1602 1618 1691 1747 1761 1842 1868 1966 2013 2050 2114 2187 2393 2530 2534 2650 2682 2691 2765 2820 2868 2880 3091 3094 3098 3237 3242 3247 3271 3273 3277 3373 3391 3393 3423 3425 3441 3654 3656 3686 3727 3775 3833 3868 3873 4000 4040 4076 4100 4200 4202 4218 4309 4330 4583 4594 4724 4794 4808 4954 4956 4967 5060 5756 5758 5768 5773 5776 5794 5813 5818 5864 5927 5932 5941 5954 5957 6022 6096 8660 8668 
	}
	weather={
	}
}
