
strategic_region={
	id=50
	name="STRATEGICREGION_50"
	provinces={
		323 366 378 641 647 769 842 1247 1283 1331 1457 1472 1475 1504 1570 1624 1629 1659 1666 1732 1738 1778 2152 2398 2416 2446 2467 2654 2782 2867 2920 2926 3125 3131 3358 3392 3537 3602 3639 3681 3715 4032 4061 4071 4179 4250 4266 4483 4682 4712 5032 5216 5229 5261 5263 5326 5367 5378 5385 5414 5441 5486 5492 5509 5534 5558 5568 6593 6620 6625 6626 6627 6633 6710 6712 6713 6714 6717 6720 6895 6920 6933 6999 7199 7420 7535 7576 7577 7718 7853 7895 8053 8078 8149 8155 8194 8233 8259 8306 8387 8561 8590 8823 
	}
	weather={
	}
}
