
strategic_region={
	id=51
	name="STRATEGICREGION_51"
	provinces={
		158 171 248 283 397 439 556 557 591 665 675 882 938 985 1128 1217 1280 1328 1345 1485 1522 1595 1603 1623 1649 1708 1720 1772 1810 1887 1909 1936 2028 2122 2206 2267 2282 2326 2330 2455 2504 2674 2693 2715 2734 2756 2814 2941 2952 3072 3207 3215 3227 3422 3480 3550 3774 3804 3856 3926 3952 4025 4027 4053 4093 4163 4416 4449 4629 5031 5111 5115 5117 5121 5131 5132 5144 5145 5146 5149 5154 5157 5159 5160 5164 5171 5172 5175 5177 5179 5191 5194 5210 5211 5220 5228 6581 6582 6583 6585 6587 6589 6615 8047 8049 8051 8052 8064 8070 8079 8083 8095 8100 8105 8107 8111 8113 8115 8117 8119 8126 8128 8130 8152 8154 8165 8181 8191 8195 8199 8201 8211 8236 8242 8254 
	}
	weather={
	}
}
