
strategic_region={
	id=56
	name="STRATEGICREGION_56"
	provinces={
		27 45 47 53 68 99 113 117 124 136 147 152 194 208 215 223 251 254 265 272 273 311 329 345 349 358 449 455 456 457 490 521 529 547 593 599 612 636 638 651 656 669 687 690 692 693 715 718 755 786 795 801 848 883 884 897 904 916 940 947 948 959 960 966 974 975 986 991 1007 1008 1014 1020 1074 1075 1099 1102 1121 1146 1152 1160 1166 1200 1222 1241 1297 1305 1309 1370 1404 1412 1433 1435 1456 1459 1465 1469 1487 1531 1543 1611 1630 1652 1677 1719 1744 1745 1748 1763 1766 1786 1787 1804 1805 1851 1865 1879 1903 1946 1947 2006 2011 2029 2039 2055 2059 2062 2065 2084 2111 2133 2139 2157 2174 2182 2184 2186 2226 2243 2252 2269 2281 2302 2318 2344 2372 2373 2382 2388 2389 2396 2402 2412 2441 2474 2497 2499 2505 2518 2525 2529 2531 2544 2603 2615 2619 2635 2637 2649 2659 2664 2670 2696 2698 2703 2727 2750 2768 2798 2849 2853 2886 2921 2958 2966 2996 2999 3005 3023 3056 3061 3080 3083 3084 3088 3123 3124 3156 3164 3185 3188 3193 3219 3223 3254 3256 3286 3299 3314 3319 3340 3359 3408 3410 3417 3449 3459 3493 3496 3500 3501 3502 3508 3534 3543 3547 3582 3583 3601 3614 3622 3658 3682 3684 3694 3702 3710 3739 3744 3791 3796 3814 3815 3827 3848 3888 3907 3925 3934 3965 3967 3970 3988 3989 4016 4021 4070 4078 4081 4090 4111 4126 4138 4142 4143 4144 4158 4164 4183 4185 4208 4214 4233 4235 4239 4241 4245 4276 4280 4288 4296 4302 4303 4304 4315 4326 4366 4378 4413 4417 4442 4472 4486 4500 4501 4568 4579 4597 4613 4674 4698 4703 4742 4746 4769 4787 4795 4806 4807 4843 4846 4873 4907 4908 4931 4949 4975 4991 4998 5015 5049 5057 5063 5070 5182 5215 5225 5246 5274 5277 5292 5300 5303 5305 5308 5309 5310 5313 5323 5336 5340 5343 5354 5357 5361 5364 5368 5369 5371 5380 5381 5384 5386 5389 5391 5394 5395 5400 5413 5416 5421 5426 5429 5430 5431 5439 5440 5444 5447 5453 5464 5473 5475 5480 5482 5484 5494 5501 5502 5513 5515 5533 5536 5552 5559 5564 5572 5575 5578 5581 5593 5604 5612 5620 5640 5642 5654 5662 5673 5690 5718 5752 5772 5783 5791 6595 6598 6599 6601 6602 6604 6608 6663 6695 6697 6699 6700 6702 6703 6704 6705 6707 6711 6722 6724 6727 6728 6730 6731 6734 6738 8227 8277 8293 8298 8304 8313 8323 8324 8339 8345 8347 8348 8349 8357 8367 8374 8378 8380 8381 8383 8384 8388 8390 8393 8394 8400 8404 8407 8411 8417 8418 8420 8424 8429 8437 8439 8441 8442 8443 8446 8447 8449 8450 8451 8456 8458 8464 8465 8473 8474 8475 8476 8477 8478 8479 8483 8487 8488 8489 8491 8495 8497 8498 8502 8503 8504 8505 8507 8508 8516 8518 8519 8522 8523 8525 8530 8534 8535 8536 8538 8540 8542 8543 8547 8549 8551 8554 8557 8558 8564 8566 8569 8573 8574 8575 8579 8580 8581 8586 8587 8589 8592 8594 8595 8604 8605 8610 8613 8618 8619 8620 8621 8627 8632 
	}
	weather={
	}
}
