
strategic_region={
	id=57
	name="STRATEGICREGION_57"
	provinces={
		12 29 97 108 134 139 145 153 156 207 224 226 293 313 318 365 374 375 381 401 408 431 534 545 551 627 667 720 728 733 734 797 850 858 915 957 971 1056 1112 1215 1224 1295 1321 1323 1337 1409 1448 1473 1486 1505 1530 1572 1591 1598 1606 1610 1655 1673 1684 1692 1697 1726 1728 1756 1774 1806 1819 1825 1841 1895 1902 1908 1910 1922 1929 1935 1938 2001 2020 2023 2035 2049 2096 2137 2150 2162 2167 2177 2199 2218 2219 2220 2231 2237 2242 2314 2320 2432 2477 2533 2539 2545 2618 2627 2653 2668 2688 2736 2739 2741 2821 2832 2835 2865 2869 2872 2912 2967 2991 3003 3110 3153 3339 3378 3437 3443 3522 3584 3595 3667 3676 3691 3699 3712 3745 3769 3790 3798 3824 3931 3957 3978 3985 3987 3996 4068 4104 4118 4161 4189 4198 4221 4256 4332 4338 4355 4451 4495 4526 4610 4626 4656 4657 4660 4707 4719 4723 4733 4757 4800 4829 4871 4897 4933 4944 5002 5004 5020 5026 5039 5088 5105 5106 5112 5118 5122 5127 5129 5135 5140 5148 5152 5163 5165 5167 5168 5169 5181 5184 5200 5212 5214 5217 5219 5223 5226 5237 5240 5241 5243 5258 5262 5267 5273 5282 5293 5297 5317 5322 5334 5344 5345 5351 5377 5396 5409 5422 5437 5449 5460 5469 6605 6640 6655 8056 8057 8058 8059 8068 8089 8092 8097 8099 8103 8110 8112 8123 8138 8140 8142 8148 8163 8167 8169 8170 8172 8178 8182 8186 8207 8208 8210 8219 8220 8222 8229 8235 8237 8239 8249 8255 8256 8260 8261 8265 8266 8268 8276 8280 8281 8283 8285 8288 8297 8300 8301 8303 8308 8312 8317 8319 8320 8322 8325 8331 8334 8336 8340 8341 8350 8355 8377 8385 8386 8391 8392 8396 8397 8399 8414 8419 8440 8506 8531 
	}
	weather={
	}
}
