
strategic_region={
	id=58
	name="STRATEGICREGION_58"
	provinces={
		7 11 19 24 61 73 86 118 121 195 227 234 240 262 357 361 370 376 387 404 472 535 601 619 621 626 639 640 654 655 670 705 706 757 764 799 824 826 834 837 840 865 869 875 899 923 1000 1009 1029 1038 1086 1103 1164 1201 1258 1296 1327 1342 1359 1408 1447 1454 1474 1511 1514 1593 1698 1724 1792 1800 1813 1817 1833 1837 1890 1892 1945 1948 1973 1976 1989 2002 2031 2036 2037 2052 2106 2125 2126 2185 2197 2205 2244 2292 2300 2305 2319 2342 2356 2384 2397 2442 2491 2495 2498 2537 2621 2658 2660 2699 2724 2751 2752 2784 2804 2861 2898 2961 3063 3070 3095 3101 3137 3158 3258 3307 3312 3326 3356 3381 3421 3450 3471 3474 3514 3521 3585 3649 3651 3711 3766 3803 3851 3857 3911 3912 3942 3974 4012 4051 4065 4116 4168 4219 4230 4300 4322 4343 4345 4406 4461 4480 4488 4503 4511 4565 4567 4749 4751 4778 4827 4836 4839 4845 4863 4876 4953 4976 4979 5071 5101 5102 5103 5104 5124 5136 5138 5139 5180 5186 5198 5204 5218 5221 5232 5234 5235 5236 5239 5242 5248 5249 5254 5255 5291 5295 5302 5306 5307 5316 5333 5342 5350 5355 5359 5375 5383 5388 5404 5407 5415 5417 5432 5433 5434 5438 5442 8048 8050 8071 8074 8080 8085 8086 8094 8096 8102 8120 8124 8125 8133 8141 8144 8160 8162 8166 8175 8179 8180 8185 8192 8206 8213 8214 8215 8216 8218 8234 8241 8244 8245 8253 8257 8258 8263 8267 8274 8275 8278 8279 8287 8294 8299 8302 8321 8329 8398 8416 8435 8470 8481 8511 8520 
	}
	weather={
	}
}
