
strategic_region={
	id=59
	name="STRATEGICREGION_59"
	provinces={
		32 44 82 110 142 157 166 189 197 231 241 306 331 334 355 403 425 433 459 468 483 486 508 526 531 553 579 650 676 699 762 794 822 856 934 941 965 987 1004 1032 1042 1047 1089 1094 1117 1120 1137 1138 1149 1167 1169 1242 1264 1317 1375 1400 1455 1462 1477 1512 1523 1528 1540 1553 1567 1588 1592 1616 1619 1637 1669 1689 1699 1715 1782 1907 1941 1944 1956 2026 2034 2045 2057 2104 2117 2118 2129 2135 2241 2253 2283 2291 2298 2332 2333 2351 2479 2516 2517 2550 2562 2569 2604 2610 2614 2620 2638 2700 2730 2813 2934 2940 2960 2994 3052 3066 3079 3119 3136 3152 3155 3212 3246 3263 3337 3342 3351 3360 3402 3413 3454 3462 3511 3544 3565 3603 3721 3728 3830 3837 3853 3872 3921 3946 3980 4058 4060 4112 4195 4267 4279 4400 4429 4509 4546 4563 4605 4634 4646 4685 4694 4748 4798 4842 4884 4885 4895 4952 5044 5058 5074 5098 5099 5100 5125 5126 5134 5142 5150 5161 5174 5176 5183 5187 5192 5193 5196 5202 5208 5209 5213 5227 5233 5238 5256 5257 5266 5278 5281 5288 5290 5327 5328 5331 5353 5360 5362 5365 5373 5376 5403 8088 8135 8146 8147 8156 8159 8161 8174 8183 8184 8204 8264 8272 8289 8307 8327 8351 8358 8382 8482 8490 
	}
	weather={
	}
}
