
strategic_region={
	id=6
	name="STRATEGICREGION_6"
	provinces={
		3 60 80 135 214 268 333 392 502 537 751 765 1002 1021 1024 1037 1040 1060 1161 1191 1246 1304 1307 1329 1391 1414 1506 1643 1788 2094 2158 2309 2466 2554 2639 2755 2775 2850 2909 2976 2993 3082 3190 3239 3412 3486 3532 3564 3576 3891 3944 4033 4284 4411 4585 4622 4640 4675 4678 4699 4700 4784 4811 4812 5001 5019 5038 5470 5483 5504 5505 5539 5549 5561 5570 5580 5592 5609 5614 5626 5633 5638 5641 5647 5674 5681 5710 5719 5721 5735 5739 8486 8527 8562 8608 8648 8649 8839 
	}
	weather={
	}
}
