
strategic_region={
	id=60
	name="STRATEGICREGION_60"
	provinces={
		8 54 70 92 101 128 165 186 196 200 249 269 274 359 369 373 476 488 492 538 572 578 584 598 607 611 643 653 677 679 682 704 707 708 716 724 776 784 828 919 958 968 1041 1078 1083 1108 1151 1193 1212 1213 1245 1249 1278 1325 1335 1336 1352 1443 1497 1498 1499 1515 1518 1524 1544 1600 1668 1676 1775 1826 1861 1862 1880 1967 1975 1992 2064 2066 2070 2079 2173 2221 2224 2258 2327 2339 2407 2420 2450 2483 2487 2492 2546 2547 2570 2607 2681 2692 2807 2825 2851 2933 2942 2948 2955 2957 2965 2988 3007 3018 3050 3120 3129 3148 3199 3204 3221 3251 3267 3310 3316 3320 3386 3390 3434 3438 3445 3469 3549 3559 3573 3617 3619 3628 3632 3653 3668 3685 3709 3734 3736 3764 3776 3778 3818 3839 3876 3898 3964 3984 3995 4044 4092 4105 4146 4147 4187 4283 4311 4313 4458 4512 4522 4647 4654 4661 4665 4709 4741 4779 4785 4786 4796 4818 4855 4874 4880 4894 4918 4920 4940 5029 5053 5096 5097 5113 5114 5116 5120 5133 5153 5155 5170 5173 5178 5190 5195 5205 5206 5230 5231 5247 5251 5265 5269 5270 5275 5279 5284 5296 5299 5301 5315 5320 5321 5325 5335 5341 5352 5356 5358 5370 5379 5387 5405 6578 6579 6580 6584 6586 6590 6591 6592 6594 6596 6600 6603 6606 6610 6611 6612 6613 6614 6617 6621 6622 6623 6624 6630 6632 6634 6635 6636 6637 6639 6644 6649 6652 6653 6654 6656 6657 6660 6661 6666 6668 6673 6675 6677 8055 8076 8098 8114 8116 8121 8122 8127 8134 8151 8153 8168 8187 8248 8273 8291 8296 8309 8314 8316 8335 8337 8338 8359 8364 8372 8373 8376 8389 8403 8412 8413 8422 8430 8433 8472 8842 8860 
	}
	weather={
	}
}
