
strategic_region={
	id=63
	name="STRATEGICREGION_63"
	provinces={
		34 221 413 434 438 491 644 723 741 892 894 908 1033 1079 1092 1141 1326 1353 1373 1441 1532 1617 1646 1853 1859 1883 1937 1952 1954 2043 2108 2210 2279 2303 2317 2583 2797 2864 2887 2893 2970 2973 3006 3078 3117 3165 3226 3229 3255 3546 3646 3669 3738 3789 3806 3948 4048 4079 4272 4275 4337 4347 4363 4371 4560 4711 4825 4914 5024 6281 6282 6292 6343 6345 6355 6369 6373 6385 6389 6407 6408 6414 6421 6431 6437 6438 6445 8801 
	}
	weather={
	}
}
