
strategic_region={
	id=8
	name="STRATEGICREGION_8"
	provinces={
		109 115 116 179 414 435 437 517 523 594 680 791 806 845 878 880 952 969 1013 1070 1097 1115 1124 1130 1136 1182 1202 1275 1322 1371 1496 1509 1526 1533 1596 1663 1665 1690 1769 1818 1875 1884 1921 1927 2063 2097 2155 2251 2277 2321 2428 2578 2595 2613 2631 2647 2720 2824 2943 2982 3027 3035 3047 3058 3074 3180 3183 3272 3382 3389 3452 3563 3572 3598 3616 3719 3768 3793 3835 3894 3936 3943 4137 4170 4184 4203 4237 4260 4262 4401 4527 4539 4548 4662 4668 4962 5003 5010 6066 6072 6077 6089 6098 6104 6108 6125 6127 6136 6159 6160 6164 6173 6174 6195 6213 6215 6221 6237 6238 6262 6267 6272 6273 6279 6296 6322 8727 
	}
	weather={
	}
}
