
strategic_region={
	id=9
	name="STRATEGICREGION_9"
	provinces={
		1 48 55 161 167 260 271 276 282 289 309 341 386 441 498 617 664 684 743 782 789 792 888 954 1059 1153 1175 1229 1287 1354 1385 1398 1407 1416 1568 1609 1672 1707 1721 1750 1770 1789 1816 1848 1959 1972 2004 2008 2044 2110 2189 2212 2250 2256 2406 2439 2673 2719 2725 2740 2791 2800 2811 2839 2871 2877 2915 2938 2939 2971 2990 2995 2998 3012 3087 3099 3201 3216 3241 3336 3430 3484 3517 3518 3520 3626 3631 3641 3664 3688 3847 3849 3887 3902 3920 3968 4008 4035 4049 4149 4199 4223 4258 4317 4328 4361 4365 4430 4435 4443 4444 4456 4475 4482 4494 4616 4690 4710 4900 4916 4982 4984 5035 5080 5094 5445 5454 5455 5456 5462 5471 5474 5478 5495 5497 5510 5511 5514 5523 5525 5538 5540 5544 5550 5555 5562 5579 5591 5598 8514 8515 8532 8550 8614 
	}
	weather={
	}
}
