136;136;136;Stuip;1311237;
75;75;75;Hello World;287896;
112;112;112;Oltind;131884;
200;200;200;Attungo;686476;
3;3;3;Teor;69811;
26;26;26;Mathibai;788316;
77;77;77;Thium;633865;
164;164;164;Luindaeng;58138;
41;41;41;Phumeth;286432;
241;241;241;Stiop;2608525;
81;81;81;Puucoz;501493;
25;25;25;Jiacirt;363463;
33;33;33;Peosruert;432429;
19;19;19;Kauquiord;150386;
251;251;251;Saaf;493624;
154;154;154;Indord;532936;
238;238;238;Gaupund;467091;
252;252;252;Echteng;317745;
249;249;249;Quuleth;147492;
201;201;201;Steaf;432819;
152;152;152;Fussoe;253006;
237;237;237;Frujestoland;225335;
95;95;95;Phaposturd;493396;
74;74;74;Miotroort;491348;
232;232;232;Fuegox;273914;
148;148;148;Swetostess;102100;
219;219;219;Neobwoapp;1613017;
23;23;23;Unmalt;370681;
20;20;20;Itrambe;1552310;
227;227;227;Strandilt;96929;
62;62;62;Enzashi;491770;
254;254;254;Roltoo;100896;
248;248;248;Tuchteu;533228;
21;21;21;Cestrae;533228;
138;138;138;Fruruth;319046;
143;143;143;Ebring;25947;
191;191;191;Urberd;232131;
83;83;83;Soocuz;1110581;
92;92;92;Caechialand;361902;
157;157;157;Roid;697466;
105;105;105;Paaj;112960;
246;246;246;Frosrelt;390743;
245;245;245;Doeboss;735510;
191;191;191;Uccecce;69649;
24;24;24;Peirreurd;204850;
132;132;132;Feonzoird;237138;
232;232;232;Joabaland;385281;
51;51;51;Dachtii;176171;
68;68;68;Quonathong;76900;
184;184;184;Onundu;708196;
244;244;244;Frumbird;658154;
252;252;252;Cuuttieland;341774;
130;130;130;Geequoend;198997;
223;223;223;Orberre;220555;
136;136;136;Soppia;76412;
2;2;2;Urdetto;885246;
150;150;150;Quubrort;766140;
89;89;89;Soociz;448557;
19;19;19;Frandastan;650643;
173;173;173;Jeochtiurt;458864;
16;16;16;Jeistruort;711416;
113;113;113;Buuquuord;192559;
240;240;240;Phehusteland;1149210;
198;198;198;Staas;77517;
55;55;55;Justocea;916363;
252;252;252;Raasheult;49879;
212;212;212;Boatepp;40384;
255;255;255;Ussurt;1076830;
98;98;98;Ukerdo;307958;
169;169;169;Paarbouss;225335;
247;247;247;Heamart;97645;
204;204;204;Frunusturd;1910375;
159;159;159;Puug;242438;
162;162;162;Fistociu;414675;
169;169;169;Jeottuastan;510760;
205;205;205;Eccerd;210508;
39;39;39;Chuhasterd;1703964;
79;79;79;Peodix;1490465;
136;136;136;Jeeduq;2294421;
122;122;122;Sauholand;364048;
78;78;78;Phirrart;209435;
227;227;227;Shijest;513068;
34;34;34;Featroerd;79761;
194;194;194;Switastupp;1173890;
65;65;65;Biih;74819;
154;154;154;Thoeb;767213;
189;189;189;Soicheoland;565484;
207;207;207;Frordong;358227;
75;75;75;Jial;145736;
37;37;37;Pherrird;963967;
223;223;223;Hiirolt;1233784;
44;44;44;Fuelipp;485332;
74;74;74;Strorathond;58691;
223;223;223;Laanzeess;1119555;
43;43;43;Raogeng;53456;
209;209;209;Biagay;138355;
25;25;25;Thaeg;281945;
195;195;195;Cethacoi;1253066;
209;209;209;Fouquiult;715903;
230;230;230;Geertuind;149053;
224;224;224;Phardolt;42335;
202;202;202;Thuuf;278271;
47;47;47;Equort;717236;
171;171;171;Sonzui;729657;
152;152;152;Stiuf;1270072;
25;25;25;Kuakirt;2194239;
76;76;76;Duambuoss;397994;
197;197;197;Jaebriurt;985037;
183;183;183;Striristoss;1341119;
218;218;218;Cuechooland;769164;
65;65;65;Nathuhuu;841934;
133;133;133;Duosheupp;747898;
249;249;249;Irutru;303080;
133;133;133;Keonmeelt;993914;
28;28;28;Juecuy;851819;
214;214;214;Strochteng;733624;
248;248;248;Thiom;225302;
255;255;255;Obwind;257005;
203;203;203;Thuid;936296;
14;14;14;Naecird;67990;
84;84;84;Phuhist;197079;
96;96;96;Honmei;111236;
213;213;213;Shafastiland;119496;
216;216;216;Bachui;198152;
86;86;86;Shabith;241430;
208;208;208;Rerboe;547925;
59;59;59;Frudist;37393;
31;31;31;Toes;275572;
31;31;31;Igingu;363853;
147;147;147;Ruupux;331955;
15;15;15;Ottoland;25037;
153;153;153;Suijuy;644400;
194;194;194;Thues;2428452;
88;88;88;Rostecua;82265;
81;81;81;Jeoshiess;101774;
143;143;143;Lourdeord;158612;
52;52;52;Sithihia;325321;
232;232;232;Guenerd;716683;
18;18;18;Ruaduy;548316;
192;192;192;Ichtoss;44384;
189;189;189;Orrestro;145378;
85;85;85;Fririthurd;75111;
40;40;40;Naufiss;273621;
47;47;47;Paas;168237;
151;151;151;Reeday;300772;
182;182;182;Staed;125836;
137;137;137;Theec;620891;
74;74;74;Trerraland;316054;
137;137;137;Shuqueland;90036;
130;130;130;Abwarre;290432;
79;79;79;Luihupp;57748;
245;245;245;Uchtass;1164135;
174;174;174;Frifathiss;1368107;
41;41;41;Shaputhaland;247998;
243;243;243;Lathepiu;159360;
169;169;169;Doimbialt;144338;
162;162;162;Staod;209727;
116;116;116;Strobathoss;213141;
11;11;11;Jeecang;1099851;
18;18;18;Foilax;392629;
72;72;72;Swirbastan;1017423;
211;211;211;Bostegau;131689;
55;55;55;Toubroong;429210;
230;230;230;Coappuess;403099;
95;95;95;Swebethestan;1390055;
41;41;41;Irbundu;487966;
106;106;106;Imubro;1933592;
130;130;130;Ahinza;1741228;
2;2;2;Theaf;172757;
247;247;247;Trumesteland;1369310;
49;49;49;Seog;875588;
7;7;7;Quetuth;630256;
39;39;39;Ibripp;987183;
105;105;105;Chocuthilt;90719;
167;167;167;Giuf;621574;
17;17;17;Jesrie;85191;
14;14;14;Stuat;168465;
221;221;221;Koashuiland;58040;
253;253;253;Ambeland;61877;
12;12;12;Cothikuo;132664;
66;66;66;Esrushu;60869;
217;217;217;Sastonui;594748;
145;145;145;Miep;387167;
152;152;152;Coordiostan;938409;
140;140;140;Staok;1696453;
97;97;97;Faungeard;313225;
175;175;175;Ukelte;282238;
58;58;58;Trebuthiland;99206;
30;30;30;Ochappi;63828;
54;54;54;Trilost;625573;
182;182;182;Husrie;140403;
105;105;105;Quodest;1513616;
185;185;185;Andelt;571922;
62;62;62;Kiekux;161051;
202;202;202;Oltolt;117707;
223;223;223;Ichtelt;820864;
11;11;11;Thaoj;67958;
141;141;141;Fuaserd;419000;
126;126;126;Ojangu;220002;
51;51;51;Serrea;201208;
163;163;163;Shuhitheng;271312;
32;32;32;Trobastard;458214;
135;135;135;Toortuostan;501948;
39;39;39;Miortaird;792250;
52;52;52;Joandieland;334979;
84;84;84;Chukistend;57585;
38;38;38;Thuig;753946;
203;203;203;Piestroond;762010;
123;123;123;Seafind;1168134;
195;195;195;Ibwupp;115008;
28;28;28;Gothocoo;136079;
183;183;183;Ibange;215775;
240;240;240;Swippistan;186478;
232;232;232;Siar;498013;
138;138;138;Staak;19834;
254;254;254;Obequi;812605;
88;88;88;Phasrird;112212;
176;176;176;Diingourd;515930;
69;69;69;Piubwaupp;780187;
43;43;43;Soccao;171261;
44;44;44;Shuquing;265882;
189;189;189;Laeh;190478;
44;44;44;Doicipp;51050;
87;87;87;Shenath;902512;
238;238;238;Omardu;77517;
68;68;68;Daupuy;953562;
18;18;18;Poitapp;53651;
121;121;121;Itrosho;1008221;
110;110;110;Tiuport;1393849;
99;99;99;Ceerdialand;325777;
11;11;11;Equarto;771115;
69;69;69;Naohelt;204947;
224;224;224;Laordeuss;1201496;
4;4;4;Uttorbe;482829;
172;172;172;Kumbie;760059;
33;33;33;Poungeurt;1087365;
233;233;233;Tienzuelt;124470;
166;166;166;Diet;123397;
136;136;136;Kaiccaistan;451256;
123;123;123;Jiot;738599;
146;146;146;Usreccu;405213;
34;34;34;Kochue;494534;
5;5;5;Efande;638450;
237;237;237;Teen;418480;
247;247;247;Uhirto;44384;
125;125;125;Leostroend;44156;
138;138;138;Tiuferd;888270;
93;93;93;Jailtairt;67958;
95;95;95;Icondo;1149177;
37;37;37;Andoss;283864;
237;237;237;Quitothelt;195745;
66;66;66;Staog;481788;
142;142;142;Shashipp;253136;
70;70;70;Geusuy;78753;
73;73;73;Fuop;541097;
66;66;66;Naenzealt;34239;
231;231;231;Fraltort;517816;
109;109;109;Trahostistan;784381;
244;244;244;Quequistan;322883;
94;94;94;Oppelt;412822;
164;164;164;Eranma;165928;
238;238;238;Fetrea;605284;
30;30;30;Frisseland;190413;
150;150;150;Thiuc;45067;
20;20;20;Errastan;268256;
128;128;128;Doccao;220165;
122;122;122;Shunzilt;71697;
1;1;1;Shucheng;617184;
147;147;147;Equerd;1313383;
18;18;18;Mianepp;247868;
31;31;31;Ruokuland;893830;
132;132;132;Imacci;138615;
66;66;66;Frojusting;334686;
180;180;180;Shesothart;1384203;
24;24;24;Duatoq;682054;
240;240;240;Noquie;1173012;
102;102;102;Peasraustan;772058;
236;236;236;Chogest;211776;
196;196;196;Fooh;901211;
47;47;47;Mochie;234212;
6;6;6;Haesreuland;539471;
107;107;107;Istrard;127982;
45;45;45;Thiul;100181;
57;57;57;Duthepiu;1203934;
203;203;203;Poit;184072;
219;219;219;Bierteostan;529001;
237;237;237;Huilastan;92995;
198;198;198;Miequiung;1020837;
147;147;147;Kesrua;1148625;
224;224;224;Buatroilt;606942;
184;184;184;Nordoa;290204;
7;7;7;Frunuth;490080;
179;179;179;Keunult;258956;
194;194;194;Esebwe;609966;
45;45;45;Tronmoss;594748;
152;152;152;Quefeth;1498171;
232;232;232;Ochostan;100051;
211;211;211;Swenoth;1041322;
239;239;239;Quenost;44384;
120;120;120;Ipicha;210670;
95;95;95;Mithobai;1115751;
12;12;12;Strigothert;96734;
50;50;50;Steat;234602;
118;118;118;Chupoth;709757;
237;237;237;Thoec;118130;
0;0;0;Oselta;184202;
94;94;94;Raitroapp;110619;
235;235;235;Trajostuland;67112;
232;232;232;Shekistult;270695;
162;162;162;Shobustond;164205;
73;73;73;Retrau;92312;
173;173;173;Tootoz;109741;
52;52;52;Siardeert;45262;
87;87;87;Quertang;525229;
16;16;16;Swurbord;48708;
131;131;131;Haachiass;421211;
132;132;132;Notherae;981460;
252;252;252;Uchtubwu;1152397;
128;128;128;Ilterro;763604;
46;46;46;Seuccoond;66365;
12;12;12;Cholestind;627069;
40;40;40;Swumest;4414427;
210;210;210;Thius;42205;
178;178;178;Stratrestan;432039;
172;172;172;Thiir;599821;
87;87;87;Trunmepp;657472;
102;102;102;Kuej;567923;
31;31;31;Arress;109643;
78;78;78;Hiigoz;645116;
24;24;24;Ihechte;56675;
123;123;123;Sessaa;1467996;
153;153;153;Quirbiland;772058;
180;180;180;Huujiz;3483106;
196;196;196;Houm;934507;
63;63;63;Quuroth;1062295;
206;206;206;Seitraing;262566;
73;73;73;Haapuz;331174;
64;64;64;Henzee;345059;
177;177;177;Biirdailt;794038;
98;98;98;Maib;1001490;
230;230;230;Stout;103725;
6;6;6;Tuerez;766140;
159;159;159;Kothibeo;2280179;
199;199;199;Nioj;128112;
4;4;4;Daombiistan;77940;
214;214;214;Upubwe;472423;
192;192;192;Siecey;135363;
88;88;88;Thaih;353383;
229;229;229;Frenziland;349773;
112;112;112;Binziu;250372;
125;125;125;Buuhuss;96247;
198;198;198;Seemoq;839106;
139;139;139;Haunzeiss;525132;
154;154;154;Udengo;467839;
174;174;174;Ugatti;103368;
243;243;243;Baum;453369;
49;49;49;Thuud;1109508;
15;15;15;Hoah;168107;
238;238;238;Boirteeng;135428;
37;37;37;Biochoupp;620208;
177;177;177;Goichuund;74428;
253;253;253;Hueniy;106066;
253;253;253;Boid;550169;
100;100;100;Nustudio;456035;
205;205;205;Kistomua;250014;
0;0;0;Strufithilt;73128;
22;22;22;Steah;517393;
14;14;14;Arbird;419553;
181;181;181;Hoej;813158;
65;65;65;Cueg;191193;
229;229;229;Tauchtuord;711416;
150;150;150;Nethitei;302593;
222;222;222;Stiop;980745;
200;200;200;Rostecao;69193;
222;222;222;Thoej;526855;
105;105;105;Postakee;634028;
219;219;219;Suafopp;88345;
175;175;175;Ceadey;934020;
105;105;105;Juthecoe;236455;
61;61;61;Piob;1189107;
24;24;24;Condei;63568;
93;93;93;Ciertiing;379168;
148;148;148;Trimuthard;857347;
174;174;174;Jiirbuuss;487966;
156;156;156;Niachteerd;62983;
168;168;168;Fruchtart;200655;
167;167;167;Loelepp;550364;
145;145;145;Miquao;272450;
242;242;242;Bairroard;332768;
214;214;214;Sweteth;57065;
104;104;104;Beopart;993881;
58;58;58;Saahux;284351;
80;80;80;Photestart;53943;
26;26;26;Leobreund;466701;
130;130;130;Loushierd;1414345;
229;229;229;Diilopp;1344208;
65;65;65;Chanatheng;412822;
244;244;244;Quoccart;880726;
139;139;139;Unmunzi;62950;
145;145;145;Dathedoe;257005;
142;142;142;Usrutri;432819;
24;24;24;Unmangu;104246;
181;181;181;Goeccualt;857347;
115;115;115;Moidilt;350846;
253;253;253;Biarey;1412166;
222;222;222;Quangistan;374876;
10;10;10;Urirbo;1077220;
129;129;129;Ippostan;760872;
193;193;193;Assoss;221921;
161;161;161;Tresath;86785;
131;131;131;Ihotti;185275;
123;123;123;Gathipae;342392;
169;169;169;Nairbaass;141249;
94;94;94;Theul;246503;
214;214;214;Jeaf;182414;
231;231;231;Hoefiy;626451;
99;99;99;Estrurt;81549;
210;210;210;Seechierd;293911;
182;182;182;Essanmo;204622;
155;155;155;Luup;67470;
26;26;26;Urdaland;60284;
99;99;99;Cussio;490892;
167;167;167;Caom;844081;
118;118;118;Iquuland;78135;
30;30;30;Keuccaastan;1325154;
120;120;120;Trebuthond;283831;
134;134;134;Jabwau;456035;
213;213;213;Frorrirt;196883;
73;73;73;Jeamond;180138;
75;75;75;Swojistord;863623;
26;26;26;Streccult;128795;
110;110;110;Uquocho;574556;
188;188;188;Ifebwa;236715;
177;177;177;Ikongi;366617;
51;51;51;Swagest;39701;
143;143;143;Phoqueng;209435;
54;54;54;Nistuhee;49001;
146;146;146;Ipumbu;1422832;
249;249;249;Rultie;510760;
99;99;99;Ihurbo;426934;
31;31;31;Liurey;437989;
185;185;185;Freseth;233301;
246;246;246;Frogust;206638;
53;53;53;Ceirboilt;1265747;
109;109;109;Jaabard;875588;
240;240;240;Shabost;139298;
103;103;103;Ulolte;388597;
173;173;173;Keinurd;309909;
52;52;52;Stoih;401734;
207;207;207;Kuechiert;486373;
67;67;67;Jeunmeert;393962;
111;111;111;Trosith;189242;
190;190;190;Duat;757946;
162;162;162;Thaeb;95759;
243;243;243;Ardond;852405;
196;196;196;Bistofua;1970075;
183;183;183;Jaah;112992;
227;227;227;Jeusheistan;159328;
3;3;3;Shofeth;493689;
97;97;97;Ichoss;1063856;
64;64;64;Goondiang;857347;
52;52;52;Tridastond;234895;
92;92;92;Adanzu;1084731;
90;90;90;Swoltupp;2060794;
137;137;137;Maoppaoland;218897;
42;42;42;Ambuppu;379623;
170;170;170;Stiir;237008;
189;189;189;Beunguurt;375558;
194;194;194;Reichuirt;1276542;
183;183;183;Swusseng;52513;
217;217;217;Ortalt;106522;
250;250;250;Riiting;474732;
28;28;28;Seisux;63568;
124;124;124;Fiastruend;1036575;
186;186;186;Naeltuepp;706245;
232;232;232;Ogestra;639425;
110;110;110;Frejistopp;430966;
76;76;76;Ondistan;212166;
245;245;245;Feob;1477556;
215;215;215;Reikopp;41848;
226;226;226;Reot;144110;
35;35;35;Thiep;1163940;
37;37;37;Pauney;745655;
123;123;123;Keppei;86167;
181;181;181;Oquestro;456035;
82;82;82;Quettestan;1050492;
155;155;155;Swirustoss;192104;
209;209;209;Steop;574946;
113;113;113;Frojust;822035;
113;113;113;Guer;601967;
209;209;209;Quedoth;54171;
130;130;130;Serbee;66722;
69;69;69;Inzestan;391199;
83;83;83;Ihocco;360829;
165;165;165;Swimethuland;749654;
127;127;127;Tistehei;299536;
226;226;226;Otubra;1151844;
229;229;229;Buthifea;189047;
39;39;39;Traputh;951871;
77;77;77;Headaland;344441;
188;188;188;Fiitrauss;317030;
6;6;6;Frotithard;342717;
60;60;60;Orbort;285749;
185;185;185;Afingi;58040;
169;169;169;Donduo;173895;
8;8;8;Heab;96279;
8;8;8;Kibroi;302723;
21;21;21;Goejay;102620;
6;6;6;Lostusua;342978;
0;0;0;Rauchuuland;515084;
126;126;126;Phifustard;256518;
189;189;189;Idassa;604308;
234;234;234;Swacost;107692;
100;100;100;Geippeuss;205663;
23;23;23;Kuabert;111106;
151;151;151;Lietteastan;239089;
165;165;165;Feafiq;1065709;
158;158;158;Tuafirt;431323;
88;88;88;Kaem;157474;
100;100;100;Chujith;616599;
236;236;236;Imenmo;655813;
148;148;148;Jichuu;160596;
140;140;140;Ireshi;412367;
222;222;222;Feefaq;268581;
225;225;225;Shagith;739314;
113;113;113;Kourruand;40417;
12;12;12;Suubruolt;496518;
133;133;133;Appart;1036998;
54;54;54;Otechto;175716;
137;137;137;Caustreird;684785;
151;151;151;Reeloy;950798;
180;180;180;Fuolex;338783;
19;19;19;Frimast;254437;
23;23;23;Jethehuo;178544;
73;73;73;Stramith;1088925;
27;27;27;Doom;163880;
223;223;223;Oltirt;311405;
205;205;205;Isulto;661374;
41;41;41;Trefoth;137379;
152;152;152;Ruikoy;275182;
115;115;115;Niom;485625;
3;3;3;Mastasou;855103;
83;83;83;Jautiy;49001;
66;66;66;Meeppeend;159880;
188;188;188;Ruicheurt;210670;
226;226;226;Staij;560899;
41;41;41;Umbordo;430640;
143;143;143;Gaajurd;92052;
204;204;204;Fuostrault;1417564;
31;31;31;Soot;178837;
152;152;152;Ekobra;512125;
99;99;99;Duufend;472619;
167;167;167;Theeh;44871;
94;94;94;Pusteguu;27703;
73;73;73;Stuic;915388;
75;75;75;Meechiung;559436;
217;217;217;Oltimbo;901178;
41;41;41;Toosraurt;75501;
191;191;191;Fribreland;222116;
71;71;71;Goarboess;124210;
150;150;150;Phorbupp;1072407;
32;32;32;Hiosilt;602260;
179;179;179;Ochtird;386646;
105;105;105;Irdonma;583725;
110;110;110;Kerreo;125478;
26;26;26;Strecheland;232553;
39;39;39;Thuum;159978;
55;55;55;Ichtesro;371657;
179;179;179;Usutte;591529;
246;246;246;Osrocce;164302;
178;178;178;Courirt;319046;
69;69;69;Fuuf;126324;
199;199;199;Muagert;267411;
218;218;218;Ebrang;565484;
130;130;130;Siis;339401;
29;29;29;Suubupp;117870;
225;225;225;Hoir;308998;
100;100;100;Swinzirt;884498;
138;138;138;Swukethelt;225302;
40;40;40;Tangia;890968;
224;224;224;Huunmoaland;1130969;
178;178;178;Kiasay;981525;
146;146;146;Tuindeilt;1034201;
190;190;190;Unmipp;129055;
143;143;143;Ijitro;281815;
40;40;40;Ijechtu;585579;
118;118;118;Coufestan;60869;
3;3;3;Soakey;954049;
151;151;151;Noap;236293;
116;116;116;Fuissairt;401311;
57;57;57;Teadoz;693174;
25;25;25;Guitaz;74038;
231;231;231;Ciassaupp;675908;
57;57;57;Heenzoalt;308868;
129;129;129;Inzelt;194022;
205;205;205;Angurd;63828;
12;12;12;Fragest;92182;
123;123;123;Kastokai;648692;
49;49;49;Stiif;787600;
50;50;50;Ondurtu;514076;
126;126;126;Jeoniq;1587004;
64;64;64;Fraceth;766888;
197;197;197;Icheng;57813;
80;80;80;Ceif;340604;
139;139;139;Gistedie;291830;
29;29;29;Stuub;247933;
249;249;249;Sistomeu;502533;
227;227;227;Steeg;1383195;
250;250;250;Shecath;52578;
125;125;125;Purdoe;992548;
227;227;227;Kausuland;752906;
104;104;104;Soinmaopp;1367815;
126;126;126;Essitro;130811;
12;12;12;Strahastind;1039761;
241;241;241;Geag;200850;
152;152;152;Laed;150321;
214;214;214;Mertae;291667;
225;225;225;Caetiy;928264;
119;119;119;Stremust;1478661;
232;232;232;Dustadie;139135;
124;124;124;Quedithord;301975;
142;142;142;Sherboss;898837;
12;12;12;Iccolti;1022203;
86;86;86;Ottonde;1130969;
96;96;96;Puagix;0;
166;166;166;Swenoth;0;
235;235;235;Taocass;0;
80;80;80;Abross;0;
44;44;44;Ostrung;0;
117;117;117;Getteu;0;
105;105;105;Lengio;0;
250;250;250;Luenmuapp;0;
24;24;24;Achtort;0;
224;224;224;Shicustend;0;
100;100;100;Ituquu;0;
117;117;117;Phuquilt;0;
205;205;205;Stoaf;0;
208;208;208;Feun;0;
105;105;105;Ohatre;0;
77;77;77;Ibroquo;0;
201;201;201;Kaep;0;
213;213;213;Ceecciurt;0;
35;35;35;Mutheciu;0;
135;135;135;Phifethind;0;
223;223;223;Puekex;0;
232;232;232;Endind;0;
83;83;83;Baut;0;
226;226;226;Faibeland;0;
70;70;70;Swulostess;0;
103;103;103;Erdalt;0;
197;197;197;Thuij;0;
200;200;200;Trimethend;0;
229;229;229;Guissiend;0;
85;85;85;Sastanau;0;
199;199;199;Mear;0;
155;155;155;Echerd;0;
183;183;183;Distubii;0;
102;102;102;Faettaing;0;
9;9;9;Kaochtoert;0;
193;193;193;Tuetepp;0;
211;211;211;Cionox;0;
72;72;72;Anoppe;0;
231;231;231;Keisong;0;
231;231;231;Strattend;0;
54;54;54;Buchtia;0;
239;239;239;Igumba;0;
96;96;96;Accort;0;
73;73;73;Sachoi;0;
60;60;60;Biakelt;0;
210;210;210;Phasserd;0;
242;242;242;Joaj;0;
231;231;231;Shangord;0;
114;114;114;Ishipp;0;
46;46;46;Mustemui;0;
44;44;44;Soltie;0;
169;169;169;Esastro;0;
52;52;52;Thiun;0;
146;146;146;Chuhistastan;0;
76;76;76;Baur;0;
251;251;251;Reondeund;0;
115;115;115;Suorraapp;0;
208;208;208;Eshimbu;0;
42;42;42;Coobroung;0;
79;79;79;Jiefustan;0;
27;27;27;Theib;0;
163;163;163;Fistanoe;0;
208;208;208;Luippaord;0;
97;97;97;Arrupp;0;
188;188;188;Buthosuo;0;
200;200;200;Buthoboi;0;
169;169;169;Buumuz;0;
32;32;32;Trassuss;0;
233;233;233;Stuog;0;
132;132;132;Staun;0;
29;29;29;Jaotreostan;0;
50;50;50;Ocebre;0;
50;50;50;Sounand;0;
129;129;129;Toltoo;0;
81;81;81;Seaduq;0;
100;100;100;Stuas;0;
62;62;62;Stueb;0;
167;167;167;Ulirdi;0;
227;227;227;Fangei;0;
21;21;21;Quistrung;0;
159;159;159;Liurux;0;
148;148;148;Etestre;0;
32;32;32;Poejort;0;
215;215;215;Bius;0;
190;190;190;Ertarra;0;
156;156;156;Ehimba;0;
173;173;173;Ingand;0;
231;231;231;Fuekix;0;
122;122;122;Suek;0;
220;220;220;Accacho;0;
124;124;124;Quirest;0;
17;17;17;Steir;0;
72;72;72;Isrurru;0;
214;214;214;Haub;0;
101;101;101;Guurey;0;
73;73;73;Iquostan;0;
80;80;80;Muebroistan;0;
102;102;102;Cuedass;0;
153;153;153;Swirbirt;0;
55;55;55;Jueh;0;
85;85;85;Pundoi;0;
137;137;137;Noatird;0;
92;92;92;Frusisturt;0;
221;221;221;Poosox;0;
5;5;5;Quirethostan;0;
101;101;101;Amberd;0;
72;72;72;Uchert;0;
89;89;89;Ungamba;0;
95;95;95;Ciastrualt;0;
45;45;45;Poalilt;0;
222;222;222;Bothojuu;0;
158;158;158;Shicesturt;0;
237;237;237;Seibriolt;0;
174;174;174;Kiunez;0;
122;122;122;Noiruy;0;
196;196;196;Shashass;0;
239;239;239;Raangaand;0;
104;104;104;Chatuthurd;0;
120;120;120;Fostomeu;0;
94;94;94;Goutiy;0;
150;150;150;Uchtustan;0;
48;48;48;Rouboq;0;
26;26;26;Eshund;0;
25;25;25;Swuhust;0;
189;189;189;Erbung;0;
87;87;87;Juchtua;0;
123;123;123;Lothufae;0;
241;241;241;Phubropp;0;
61;61;61;Kuinguelt;0;
120;120;120;Ungopp;0;
62;62;62;Songio;0;
46;46;46;Abrirt;0;
193;193;193;Chadeth;0;
73;73;73;Stuac;0;
164;164;164;Fieb;0;
144;144;144;Muesroustan;0;
158;158;158;Baih;0;
167;167;167;Accustan;0;
23;23;23;Staum;0;
21;21;21;Joofix;0;
6;6;6;Trinmustan;0;
233;233;233;Oquapp;0;
61;61;61;Phojith;0;
122;122;122;Jiugard;0;
78;78;78;Fuol;0;
149;149;149;Futhomio;0;
19;19;19;Festasaa;0;
96;96;96;Hachea;0;
166;166;166;Estrenme;0;
68;68;68;Ultembo;0;
7;7;7;Esristan;0;
23;23;23;Anzuchta;0;
100;100;100;Undochti;0;
138;138;138;Emburto;0;
14;14;14;Hathekoa;0;
67;67;67;Theal;0;
