
state={
	id=14
	name="STATE_14"

	history={
		owner = CAN
		add_core_of = CAN
		buildings = {

		}

	}

	provinces={
		97 153 156 318 401 733 850 858 971 1112 1295 1323 1337 1448 1486 1530 1726 1728 1756 1774 1806 1929 1938 2049 2231 2314 2320 2477 2533 2821 2835 2865 2869 3699 3985 4526 4610 4656 4657 4723 4757 4800 4944 5004 5118 5127 5165 5167 5214 5217 5226 5243 5258 5262 5293 5297 5317 6605 8110 8140 8169 8170 8172 8182 8186 8207 8210 8219 8222 8229 8237 8239 8255 8261 8265 8268 8269 8276 8283 8288 8297 8300 8312 8317 8320 8325 8331 8334 8336 
	}
	manpower=0
	buildings_max_level_factor=1.000
	local_supplies=0.000
}
