
state={
	id=20
	name="STATE_20"

	history={
		owner = EFG
		buildings = {

		}
		add_core_of = USA

	}

	provinces={
		69 104 126 221 257 442 458 639 718 898 966 1051 1182 1201 1227 1354 1590 1718 1801 1915 2001 2028 2068 2122 2305 2326 2345 2631 2641 2646 2718 2775 2780 3019 3149 3236 3412 3415 3425 3548 3575 3654 3655 3692 3748 3916 4030 4197 4399 4529 4571 4593 4739 4817 4951 4960 5007 5063 5071 5110 5137 5174 5216 5273 5339 5462 5558 5627 5708 5769 5772 5871 5886 5942 5977 6003 6036 6051 6188 6341 6350 6537 6605 6639 6770 7437 7452 7458 7473 7486 7505 7525 7532 7541 7562 7579 7580 7593 7597 7609 7610 7626 7644 7648 7658 7659 7674 7678 7682 7683 7699 7705 7709 7712 7718 7729 7736 7737 7740 7756 7757 7765 7768 7774 7785 7797 7798 7799 7813 7818 7822 7827 7829 7831 7846 7847 7849 7853 7856 7867 7868 7872 7877 7881 7887 7888 7889 7891 7897 7911 7916 7918 7926 7932 7934 7939 7941 7942 7960 7962 7966 10391 
	}
	manpower=1
	buildings_max_level_factor=1.000
	local_supplies=0.000
}
