
state={
	id=23
	name="STATE_23"

	history={
		owner = CAN
		add_core_of = CAN
		buildings = {

		}

	}

	provinces={
		70 92 101 165 196 359 476 488 572 607 643 653 682 716 724 1078 1151 1213 1249 1335 1352 1498 1515 1524 1544 1676 1826 1861 1862 2079 2173 2221 2224 2258 2407 2450 2492 2546 2607 2681 2692 2807 2825 2851 2948 2955 2957 2965 2988 3018 3120 3204 3251 3267 3310 3320 3386 3390 3438 3445 3559 3573 3736 3776 3778 3898 3964 3984 4092 4146 4147 4311 4313 4512 4522 4647 4665 4709 4741 4785 4786 4874 4918 4940 5029 5153 5155 5170 5173 5178 5190 5195 5205 5206 5231 5247 5251 5269 5296 5301 5325 5358 6591 6592 6594 6596 6600 6603 6606 6610 6611 6612 6613 6614 6617 6621 6622 6623 6624 6630 6632 6634 6635 6636 6637 6639 6644 6649 6652 6653 6654 6656 6657 6660 6661 6666 6668 6673 6675 6677 8098 8114 8116 8121 8122 8127 8134 8151 8153 8187 8248 8309 8316 8335 8373 8389 
	}
	manpower=0
	buildings_max_level_factor=1.000
	local_supplies=0.000
}
