
state={
	id=303
	name="STATE_303"

	history={
		owner = SCA
		add_core_of = SCA
		buildings = {

		}

	}

	provinces={
		28 67 141 168 253 294 327 330 339 402 429 443 447 481 560 562 574 628 717 745 860 890 927 929 977 992 1046 1077 1148 1185 1210 1268 1332 1395 1417 1445 1484 1508 1625 1654 1681 1693 1704 1706 1794 1823 1898 1914 1916 1998 2012 2085 2105 2121 2138 2160 2211 2214 2233 2271 2289 2375 2387 2401 2429 2437 2447 2470 2481 2549 2551 2559 2566 2641 2643 2672 2713 2773 2788 2790 2810 2831 2899 2937 3054 3092 3104 3141 3163 3182 3186 3222 3283 3329 3341 3569 3578 3581 3612 3624 3687 3696 3701 3750 3811 3860 3896 3916 3959 4039 4041 4114 4122 4172 4224 4240 4290 4349 4379 4447 4455 4466 4493 4540 4555 4589 4607 4628 4684 4718 4720 4731 4826 4869 4881 4903 4917 4922 4946 4947 4986 4987 5000 5008 5665 5691 5727 5744 5764 5769 5781 5798 5821 5833 5857 5859 5887 5888 5893 5901 5903 5920 5921 5960 5993 6012 6031 6045 6055 6059 6069 6100 6103 6112 6126 6129 6131 6142 6147 6148 6154 6157 6162 6178 6179 6181 6191 6201 6211 6227 
	}
	manpower=0
	buildings_max_level_factor=1.000
	local_supplies=0.000
}
