
state={
	id=40
	name="STATE_40"

	history={
		owner = CAN
		add_core_of = CAN
		buildings = {

		}

	}

	provinces={
		12 224 293 374 375 381 408 534 720 734 957 1056 1409 1473 1505 1591 1598 1841 1902 1922 1935 2001 2020 2137 2218 2219 2242 2432 2539 2618 2688 2739 2912 2967 2991 3110 3522 3584 3595 3676 3712 3745 3769 3798 3931 3957 3978 3987 4104 4355 4660 4707 4733 4897 5026 5039 5088 5184 5200 5212 5219 5223 5237 5240 5241 5267 5273 5282 5322 6640 6655 
	}
	manpower=0
	buildings_max_level_factor=1.000
	local_supplies=0.000
}
