state={
	id=470
	name="STATE_470"
	history = {
		owner = SAZ
		add_core_of = SAZ
		buildings = {
			
		}
	}
	provinces={
		115 116 179 414 435 437 523 680 845 878 880 952 969 1013 1070 1097 1115 1124 1130 1182 1202 1275 1322 1371 1509 1526 1596 1663 1665 1690 1769 1875 1884 1921 1927 2063 2251 2277 2321 2578 2595 2631 2943 2982 3027 3058 3183 3272 3382 3389 3452 3598 3616 3719 3768 3793 3943 4137 4170 4203 4260 4527 4539 4548 4962 5010 6066 6089 6098 6104 6108 6125 6127 6136 6159 6160 6164 6173 6174 6195 6213 6215 6221 6237 
	}
	manpower=0
	buildings_max_level_factor=1.000
}
