
state={
	id=52
	name="STATE_52"

	history={
		owner = USA
		buildings = {

		}
		add_core_of = USA

	}

	provinces={
		49 134 312 493 823 1181 1352 1658 1960 2208 2574 2580 2818 2979 2998 3391 3766 3976 3992 4056 4533 4572 4605 4888 4949 4966 4973 5278 5290 5423 5424 5427 5575 5915 6021 6023 6061 6381 6390 6490 6495 6581 6705 9079 9087 9089 9119 9143 9146 9160 9169 9172 9180 9187 9192 9196 9208 9209 9213 9215 9216 9228 9246 9247 9254 9261 9266 9291 9312 9325 9328 9335 9345 9351 9403 13052 13054 13055 
	}
	manpower=0
	buildings_max_level_factor=1.000
	local_supplies=0.000
}
