
state={
	id=55
	name="STATE_55"

	history={
		owner = USA
		buildings = {

		}
		add_core_of = USA

	}

	provinces={
		214 307 764 814 855 1002 1382 1443 1494 1622 2035 2142 2329 2377 2415 2436 2456 2490 2667 2749 2854 2871 3010 3079 3219 3261 3536 3547 3550 3621 3816 3943 4010 4045 4297 4312 4314 4550 4697 4709 4725 4828 4879 4898 4934 4942 5012 5054 5121 5147 5215 5318 5557 5641 5678 5838 5844 5961 6414 6493 6523 6534 6546 6614 6683 6688 6697 6753 8417 8418 8427 8428 8429 8438 8456 8463 8467 8482 8487 8488 8501 8507 8511 8522 8531 8532 8537 8543 8550 8561 8567 8569 8572 8577 8585 8589 8592 8597 8598 8599 8611 8612 8614 8617 8620 8625 8626 8627 8636 8637 8646 8664 8672 8675 8676 8677 8682 8685 8694 8696 8701 8706 8709 8716 8718 8727 8732 8745 8746 8752 8761 8772 13035 13037 13039 
	}
	manpower=0
	buildings_max_level_factor=1.000
	local_supplies=0.000
}
