state={
	id=579
	name="STATE_579"
	history = {
		owner = MEX
		add_core_of = MEX
		buildings = {
			
		}
	}
	provinces={
		172 232 300 314 346 452 522 524 530 550 618 622 746 768 793 825 838 870 1066 1163 1176 1239 1260 1431 1464 1488 1538 1633 1638 1714 1723 1734 1753 1830 1894 1940 2069 2080 2168 2413 2457 2585 2612 2617 2815 2858 2904 2917 2924 2930 2984 3118 3146 3187 3220 3293 3295 3375 3453 3483 3625 3638 3754 3799 3919 3951 4031 4099 4197 4238 4261 4307 4320 4323 4422 4448 4453 4506 4639 4671 4867 4887 4980 5040 5072 6371 6374 6375 6395 6402 6409 6411 6413 6426 6435 6454 
	}
	manpower=0
	buildings_max_level_factor=1.000
}
