
state={
	id=6
	name="STATE_6"

	history={
		owner = CAN
		add_core_of = CAN
		buildings = {

		}

	}

	provinces={
		44 82 110 142 157 166 189 231 241 306 355 403 425 459 468 483 526 553 579 650 762 794 934 941 965 1004 1032 1042 1047 1089 1094 1117 1137 1149 1167 1169 1242 1317 1375 1462 1512 1540 1553 1592 1616 1619 1669 1715 1907 1956 2026 2034 2045 2117 2135 2283 2291 2332 2333 2351 2479 2516 2569 2604 2610 2614 2638 2700 2813 2960 2994 3066 3079 3136 3152 3212 3246 3263 3337 3351 3402 3413 3454 3544 3565 3603 3721 3837 3853 3921 3980 4060 4195 4279 4400 4429 4509 4546 4563 4605 4646 4685 4694 4842 4885 4895 5044 5058 5074 5098 5099 5100 5125 5126 5134 5142 5150 5161 5174 5176 5183 5187 5192 5193 5196 5202 5208 5209 5213 5227 5233 5238 5256 5257 5266 5288 8088 8135 8146 8147 8156 8159 8161 8174 8183 8184 8204 8264 8272 8289 
	}
	manpower=0
	buildings_max_level_factor=1.000
	local_supplies=0.000
}
