
state={
	id=615
	name="STATE_615"

	history={
		owner = BRA
		add_core_of = BRA
		buildings = {

		}

	}

	provinces={
		43 149 184 199 252 312 554 742 946 1003 1183 1240 1411 1510 1578 1622 2078 2102 2144 2175 2198 2245 2287 2338 2462 2473 2489 2526 2565 2628 2830 2951 3026 3029 3161 3372 3377 3395 3404 3426 3588 3609 3673 3760 3906 3961 4059 4085 4271 4402 4476 4608 4767 4817 5041 6419 6420 6425 6430 6433 6441 6443 6446 6451 6456 6460 6466 6473 6475 6477 6480 6481 6488 
	}
	manpower=0
	buildings_max_level_factor=1.000
	local_supplies=0.000
}
