
state={
	id=62
	name="STATE_62"

	history={
		owner = CAN
		add_core_of = CAN
		buildings = {

		}

	}

	provinces={
		8 128 186 200 249 269 274 373 492 538 584 611 677 679 707 776 828 919 1108 1193 1245 1278 1336 1443 1497 1499 1518 1975 1992 2064 2066 2070 2327 2339 2483 2547 2570 2933 2942 3050 3148 3221 3434 3549 3617 3619 3628 3632 3653 3668 3685 3709 3764 3818 3839 3876 3995 4105 4283 4661 4779 4796 4855 4880 5053 5230 5265 5270 5275 5279 5284 5299 5315 5320 5321 5335 5341 5352 5356 5370 5379 5387 5405 8273 8291 8296 8314 8337 8338 8359 8364 8376 8403 8412 8413 8422 8430 8433 8472 
	}
	manpower=0
	buildings_max_level_factor=1.000
	local_supplies=0.000
}
