
state={
	id=63
	name="STATE_63"

	history={
		owner = CAN
		add_core_of = CAN
		buildings = {

		}

	}

	provinces={
		19 234 387 619 654 706 757 834 840 875 923 1201 1447 1593 1817 1837 1948 1973 1989 2031 2106 2126 2197 2300 2397 2724 2861 3101 3258 3326 3521 3651 3912 4168 4322 4976 4979 5232 5234 5239 5248 5249 5255 5291 5295 5302 5306 5333 8202 8212 8215 8216 8218 8225 8232 8241 8244 8245 8252 8253 8257 8258 8267 8274 8275 8278 8279 8287 8294 8299 8302 8321 8329 
	}
	manpower=0
	buildings_max_level_factor=1.000
	local_supplies=0.000
}
