
state={
	id=65
	name="STATE_65"

	history={
		owner = CAN
		buildings = {

		}
		add_core_of = CAN

	}

	provinces={
		22 24 25 77 79 82 93 131 138 140 141 170 177 185 197 199 205 268 278 280 289 304 311 316 329 336 345 348 351 364 377 384 397 398 409 436 452 488 490 496 500 520 531 546 557 559 563 566 593 597 658 669 682 691 693 700 725 741 743 760 773 786 812 816 830 846 872 886 907 919 924 930 936 937 945 999 1005 1031 1034 1036 1049 1058 1065 1079 1104 1129 1131 1196 1202 1234 1243 1247 1273 1275 1281 1303 1342 1359 1360 1376 1381 1446 1474 1495 1503 1507 1508 1510 1554 1557 1584 1588 1605 1687 1693 1694 1713 1773 1793 1794 1797 1802 1820 1834 1847 1858 1895 1898 1906 1923 1925 1967 1969 1987 2004 2015 2031 2040 2054 2056 2093 2102 2115 2117 2155 2156 2160 2233 2257 2264 2381 2384 2388 2399 2427 2444 2472 2506 2519 2529 2541 2545 2552 2573 2599 2601 2623 2637 2639 2647 2666 2672 2732 2765 2785 2817 2884 2919 2962 2994 2995 3004 3013 3035 3062 3096 3097 3114 3204 3238 3273 3316 3318 3337 3348 3353 3379 3398 3406 3409 3446 3474 3476 3496 3546 3573 3585 3611 3651 3658 3664 3677 3680 3690 3694 3696 3702 3773 3810 3831 3865 3880 3895 3901 3944 3990 4001 4003 4014 4039 4047 4050 4055 4073 4086 4095 4104 4123 4170 4194 4249 4254 4309 4344 4372 4388 4395 4418 4430 4464 4486 4509 4536 4544 4582 4585 4635 4667 4671 4690 4729 4774 4809 4890 4907 4916 4921 4983 5009 5107 5142 5201 5238 5269 5271 5305 5357 5360 5381 5441 5523 5566 5568 5572 5594 5606 5680 5697 5699 5744 5779 5801 5805 5836 5847 5852 5892 5913 5914 5940 5982 6001 6004 6018 6077 6086 6104 6220 6293 6307 6328 6348 6362 6383 6411 6423 6439 6453 6505 6515 6542 6610 6619 6663 6689 6747 6813 6832 6930 6931 6937 6951 6952 6962 6965 6967 6968 6970 6979 6983 6995 7000 7001 7002 7016 7019 7022 7028 7032 7037 7038 7041 7044 7052 7053 7063 7073 7078 7081 7086 7092 7098 7099 7102 7106 7108 7114 7120 7121 7123 7130 7140 7144 7145 7160 7167 7170 7181 7192 7200 7207 7220 7230 7253 7275 7276 7296 7319 7333 7340 7345 7351 7361 7365 7367 7369 7375 7380 7392 7394 7405 7416 7418 7433 7450 7455 7459 7468 7475 7478 7495 7509 7526 7550 7568 7575 7590 7605 7638 7639 7640 7675 7691 7696 7706 7723 7732 7733 7809 7834 7843 7848 10356 10358 10360 10361 10362 10363 10364 10366 10367 10369 10377 10379 10382 10383 10386 10389 10392 12758 12772 12776 12880 12881 12886 12890 12892 12893 12895 12897 12900 12910 12914 12924 12926 12927 12928 12929 12930 12932 12937 12941 12942 12943 12944 12945 12949 12950 12951 12952 12956 12961 12962 12963 12964 12969 12971 12978 12980 12984 12989 12992 12995 
	}
	manpower=0
	buildings_max_level_factor=1.000
}
