state={
	id=67
	name="STATE_67"

	history={
		owner = CAN
		buildings = {

		}
		add_core_of = CAN

	}
	
	provinces={
		70 161 186 223 224 313 352 362 423 437 480 499 634 756 889 1020 1159 1160 1203 1224 1257 1293 1297 1383 1414 1454 1524 1685 1747 1809 1945 2046 2076 2171 2226 2311 2316 2433 2515 3094 3216 3304 3307 3309 3458 3624 4065 4183 4245 4264 4317 4347 4710 5135 5350 5362 5394 5574 5743 5750 5954 6396 6802 6857 6858 6871 6872 6875 6881 6882 6885 6887 6890 6896 6908 6909 6912 6916 6917 6941 10233 10234 10235 10237 10239 10242 10271 12759 12762 12782 12791 12792 12797 12802 12804 12812 12817 12822 12827 12830 12833 12836 
	}
	manpower=1
	buildings_max_level_factor=1.000
}
