
state={
	id=68
	name="STATE_68"

	history={
		owner = CAN
		buildings = {

		}
		add_core_of = CAN

	}

	provinces={
		308 382 472 516 528 946 972 976 1077 1178 1187 1205 1300 1327 1676 2029 2098 2145 2209 2229 2449 2511 2622 2633 2659 2911 3112 3269 3716 3793 3820 4401 4516 4644 4860 4941 5925 6427 6910 6927 6957 6961 6969 6976 6978 6984 6987 6991 6994 6996 7007 7011 7015 10252 10272 10274 10284 10285 10287 10298 10300 10302 10306 12814 12860 12868 12877 12879 
	}
	manpower=1
	buildings_max_level_factor=1.000
}
