
state={
	id=7
	name="STATE_7"

	history={
		owner = CAN
		add_core_of = CAN
		buildings = {

		}

	}

	provinces={
		24 86 227 361 370 626 639 640 655 670 799 826 837 865 899 1038 1258 1454 1511 1514 1792 1800 1892 1945 2036 2185 2205 2319 2342 2491 2658 2660 2804 3070 3312 3471 3585 3649 3803 3851 4012 4065 4300 4345 4749 4876 5071 5101 5102 5103 5104 5124 5136 5138 5139 5180 5186 5198 5204 5218 5221 5235 5236 5242 5254 8048 8050 8071 8074 8080 8085 8086 8094 8096 8102 8120 8124 8125 8133 8141 8144 8160 8162 8179 8180 8185 8192 8206 8213 8214 8234 8263 
	}
	manpower=0
	buildings_max_level_factor=1.000
	local_supplies=0.000
}
