state={
	id=71
	name="STATE_71"
	
	history={
		owner = MEX
		buildings = {

		}
		add_core_of = MEX

	}
	
	provinces={
		13 36 108 158 172 234 287 441 456 486 505 542 576 678 681 720 752 793 840 859 986 1022 1133 1146 1150 1295 1305 1328 1449 1493 1544 1567 1577 1586 1683 1764 1889 2039 2104 2318 2325 2382 2418 2471 2558 2560 2561 2716 2725 2827 2837 2852 2873 2877 2878 2963 2992 3042 3164 3227 3289 3292 3296 3373 3417 3590 3663 3679 3698 3734 3761 3986 4071 4305 4455 4508 4623 4626 4707 4726 4943 4982 5068 5099 5166 5188 5508 5591 5656 5672 5713 5748 5790 5808 5810 5868 6180 6223 6373 6586 6635 6812 9548 9580 9595 9612 9655 9680 9735 9742 9757 9760 9776 9785 9793 9815 9816 9831 9841 9844 9848 9850 9857 9867 9875 9879 9880 9896 9899 9910 9923 9924 9932 9947 9955 9956 9957 9965 9969 9980 13080 
	}
	manpower=0
	buildings_max_level_factor=1.000
}
