state={
	id=72
	name="STATE_72"
	
	history={
		owner = MEX
		buildings = {

		}
		add_core_of = MEX

	}
	
	provinces={
		297 698 1301 1336 1497 1505 1735 1756 1806 1812 1840 2203 2549 2665 2802 3057 3169 3522 3576 3735 3874 4283 4439 4468 4730 4765 4772 4778 4852 5129 5593 5621 6050 6215 6580 6602 6623 6710 9971 9975 9976 9977 9979 9983 9985 9987 9990 9991 9998 10004 10005 10011 10014 10019 10020 10026 10035 10036 10058 10068 10086 10100 10434 13081 
	}
	manpower=1
	buildings_max_level_factor=1.000
}
