state={
	id=74
	name="STATE_74"
	
	history={
		owner = MEX
		buildings = {

		}
		add_core_of = MEX

	}
	
	provinces={
		27 68 212 236 411 462 663 787 791 881 891 913 1127 1194 1240 1263 1498 1573 1690 1746 1966 1973 2272 2350 2435 2455 2480 2481 2605 2756 2828 3087 3198 3213 3235 3243 3284 3335 3396 3487 3524 3553 3580 3752 4099 4350 4434 4514 4546 4553 4625 4657 4769 4954 4989 4995 5019 5075 5101 5117 5287 5332 5440 5602 5712 5799 6053 6082 6204 6417 6594 9806 9825 9846 9862 9863 9888 9895 9905 9917 9925 9937 9953 9962 9992 9999 10006 10016 10017 10021 10032 10037 10039 10042 10044 10046 
	}
	manpower=0
	buildings_max_level_factor=1.000
}
