state={
	id=76
	name="STATE_76"
	
	history={
		owner = MEX
		buildings = {

		}
		add_core_of = MEX

	}
	
	provinces={
		19 113 365 1053 1319 1363 1448 1583 1769 1818 1965 2174 2361 2584 2763 2788 2820 2966 3003 3183 3361 3670 3710 3711 3821 3942 3957 4044 4081 4164 4189 4268 4645 4875 4893 4899 4906 5003 5529 5571 5608 6126 6160 6308 6702 9960 10003 10010 10028 10031 10033 10041 10063 10069 10073 10077 10087 10091 10092 10098 10118 10124 10135 10457 10463 13083 13085 
	}
	manpower=1
	buildings_max_level_factor=1.000
}
