state={
	id=77
	name="STATE_77"
	
	history={
		owner = MEX
		buildings = {

		}
		add_core_of = MEX

	}
	
	provinces={
		53 115 202 475 477 717 731 833 837 866 910 929 941 944 982 1011 1154 1188 1610 1761 1778 1892 1934 1940 2022 2177 2364 2373 2403 2438 2630 2753 2843 2889 2941 3014 3078 3251 3604 3757 3840 3928 4009 4451 4557 4596 4673 4743 4857 4859 4901 5478 5704 5740 5778 5788 5988 6093 6190 6241 6317 6322 6415 6704 6782 9995 10008 10009 10015 10030 10038 10045 10047 10048 10051 10057 10059 10061 10064 10066 10067 10071 10074 10089 10103 
	}
	manpower=1
	buildings_max_level_factor=1.000
}
