
state={
	id=78
	name="STATE_78"
	
	history={
		owner = MEX
		buildings = {

		}
		add_core_of = MEX

	}
	
	provinces={
		198 361 394 544 619 631 645 652 704 877 1141 1256 1394 1397 1473 1486 1905 2034 2071 2130 2193 2451 2627 3486 3562 3787 3794 4352 4747 5185 5347 5452 5503 5537 5711 5731 5770 5883 5929 5987 6164 6179 6211 6391 6544 6672 10043 10054 10060 10065 10070 10076 10081 10093 10096 10104 10107 10111 10112 10115 10123 10126 10130 10142 10145 10170 
	}
	manpower=0
	buildings_max_level_factor=1.000
}
