state={
	id=80
	name="STATE_80"
	
	history={
		owner = MEX
		buildings = {

		}
		add_core_of = MEX

	}
	
	provinces={
		46 286 590 800 844 1137 1332 1340 1369 1459 1480 1562 1719 1783 2173 2245 2412 2504 2636 2682 2769 2804 2879 2887 3104 3214 3360 3423 3515 3549 3560 3744 3890 3968 4192 4357 5470 5755 5787 6194 6256 6283 6298 6557 6645 10072 10090 10094 10099 10101 10108 10120 10125 10127 10132 10139 10140 10153 10155 10157 10158 10161 10167 10169 10174 10176 10177 10180 10182 10183 10184 10188 10194 10196 10197 10202 10212 
	}
	manpower=1
	buildings_max_level_factor=1.000
}
