
state={
	id=9
	name="STATE_9"

	history={
		owner = CAN
		add_core_of = CAN
		buildings = {

		}

	}

	provinces={
		13 33 46 66 74 75 77 103 106 119 155 162 163 174 182 220 264 266 275 281 284 292 296 325 340 356 362 371 377 405 417 422 442 464 477 484 487 501 542 555 558 569 590 625 660 661 700 726 729 737 749 780 802 808 811 814 846 887 898 939 956 996 1015 1023 1026 1034 1039 1043 1052 1058 1065 1093 1095 1104 1107 1119 1122 1187 1196 1198 1223 1230 1236 1243 1254 1256 1262 1277 1279 1284 1291 1300 1324 1386 1388 1390 1418 1432 1440 1461 1480 1481 1494 1507 1560 1562 1565 1576 1587 1626 1634 1651 1656 1667 1671 1705 1727 1735 1755 1760 1765 1799 1803 1821 1831 1844 1847 1857 1869 1911 1933 1934 1939 1958 1979 1984 1995 2009 2018 2019 2024 2071 2087 2092 2098 2124 2188 2193 2215 2259 2262 2273 2307 2310 2312 2322 2341 2347 2348 2367 2376 2380 2390 2394 2419 2454 2456 2464 2480 2486 2519 2520 2528 2555 2558 2564 2568 2572 2574 2584 2586 2587 2594 2616 2624 2632 2769 2818 2829 2890 2895 2925 2927 2932 2963 2979 3001 3008 3048 3059 3062 3067 3103 3114 3134 3144 3162 3169 3238 3253 3257 3280 3282 3284 3300 3347 3353 3357 3398 3401 3406 3419 3428 3447 3467 3479 3533 3542 3570 3589 3596 3611 3615 3634 3640 3647 3660 3720 3762 3770 3771 3828 3829 3838 3840 3842 3844 3845 3871 3889 3893 3905 3910 3913 3923 3929 3956 3986 4001 4004 4042 4045 4052 4056 4057 4075 4094 4117 4136 4155 4166 4186 4194 4246 4249 4285 4289 4359 4372 4373 4403 4415 4419 4424 4431 4436 4470 4499 4519 4524 4525 4545 4588 4595 4598 4600 4617 4635 4637 4643 4645 4658 4726 4747 4765 4790 4801 4813 4850 4856 4864 4868 4896 4904 4990 4995 4996 5034 5054 5084 5107 5108 5109 5110 5119 5123 5128 5130 5137 5141 5143 5147 5151 5156 5158 5162 5166 5185 5188 5189 5197 5199 5203 5207 5224 5244 5245 5250 5252 5259 5260 5264 5268 5272 5280 5283 5285 5286 5287 5289 5311 5312 5314 5318 5319 5324 5329 5330 5332 5337 5338 5339 5346 5347 5348 5349 5366 5372 5374 5382 5392 5393 5397 5398 5399 5406 5408 5419 5420 5450 5457 5458 5461 5466 5479 5485 5498 5499 5512 5524 5529 6593 6674 6679 6693 6706 8060 8061 8062 8063 8067 8069 8072 8073 8075 8077 8078 8081 8082 8084 8087 8090 8091 8093 8101 8104 8106 8108 8109 8118 8131 8132 8136 8137 8143 8155 8157 8158 8164 8171 8176 8177 8188 8189 8190 8196 8197 8198 8200 8203 8205 8217 8223 8224 8226 8228 8230 8231 8238 8240 8243 8246 8247 8250 8254 8262 8270 8282 8284 8286 8290 8292 8310 8318 8326 8328 8332 8342 8346 8352 8353 8356 8360 8361 8362 8363 8365 8366 8368 8369 8370 8395 8401 8405 8406 8408 8409 8410 8415 8421 8425 8426 8428 8431 8432 8434 8436 8438 8444 8445 8448 8452 8453 8457 8460 8461 8462 8463 8466 8468 8469 8471 8484 8494 8501 8509 8513 8517 8521 8524 8526 8528 8548 8565 8570 8582 
	}
	manpower=0
	buildings_max_level_factor=1.000
	local_supplies=0.000
}
